#repetition,Consumer0,Consumer1,Consumer2,Consumer3,Consumer4,Consumer5,Consumer6,Consumer7,Consumer8,Consumer9,Consumer10,Consumer11,Consumer12,Consumer13,Consumer14,Consumer15,Consumer16,Consumer17,Consumer18,Consumer19,Consumer20,Consumer21,Consumer22,Consumer23,Consumer24,Consumer25,Consumer26,Consumer27,Consumer28,Consumer29,Consumer30,Consumer31,Consumer32,Consumer33,Consumer34,Consumer35,Consumer36,Consumer37,Consumer38,Consumer39,Consumer40,Consumer41,Consumer42,Consumer43,Consumer44,Consumer45,Consumer46,Consumer47,Consumer48,Consumer49
0,1,2,2,1,1,1,2,0,0,1,1,1,2,2,2,2,2,2,2,1,1,1,1,2,0,2,2,2,1,1,1,1,1,1,2,1,0,1,1,2,2,2,2,2,2,2,2,1,2,1
1,2,1,1,2,2,2,1,0,2,2,2,2,1,1,1,1,1,1,1,0,2,2,2,1,0,1,1,1,2,2,0,0,2,0,1,2,2,2,2,1,1,1,1,1,1,1,1,2,1,2
2,1,0,2,1,1,1,2,2,1,1,1,1,2,2,2,2,2,2,2,2,1,1,1,0,2,2,2,2,1,1,2,2,1,2,2,1,1,1,1,0,2,2,2,2,2,2,2,1,2,1
3,2,2,1,2,2,0,1,1,0,2,2,2,1,1,1,1,1,1,1,1,2,2,0,0,1,1,1,1,0,2,1,1,0,1,1,2,0,2,2,2,1,1,1,1,1,1,1,2,1,2
4,1,1,2,1,1,2,0,2,2,1,1,1,2,2,2,2,2,2,2,2,1,1,2,2,0,2,0,2,2,1,0,0,2,2,2,1,0,1,1,1,0,2,2,2,2,2,2,1,2,1
5,2,2,1,0,2,1,2,1,1,2,2,2,1,1,1,1,1,1,1,1,2,2,1,1,2,1,2,1,1,2,2,2,1,1,1,2,2,2,2,2,2,1,1,1,1,1,1,2,1,2
6,1,1,2,2,1,2,1,2,0,1,1,1,2,2,2,2,2,0,2,2,1,1,2,0,1,2,1,2,2,1,1,1,0,0,2,1,1,1,1,1,1,2,0,2,2,2,2,1,2,1
7,2,2,1,1,0,1,2,1,0,2,2,2,1,1,1,1,1,2,1,1,0,2,1,2,2,1,0,1,1,0,0,2,2,2,1,2,0,2,2,2,2,1,2,1,1,1,1,2,1,0
8,1,1,2,2,0,2,1,2,2,1,1,1,2,2,2,0,0,1,0,0,0,1,2,1,1,2,2,2,2,2,0,1,1,1,2,1,2,1,1,1,1,2,1,2,2,0,2,1,2,2
9,2,2,1,1,2,1,0,1,1,0,2,2,1,1,1,2,2,2,0,0,2,2,1,2,2,1,1,1,1,1,0,0,2,2,1,2,1,2,2,2,2,1,0,1,1,2,1,0,1,1
10,1,1,0,2,1,2,2,2,0,2,1,1,2,2,0,1,1,1,0,2,1,1,0,1,1,2,2,0,2,2,0,2,1,1,2,1,0,1,1,1,1,2,2,2,2,1,0,0,2,2
11,2,2,0,1,2,1,1,1,2,1,2,2,1,1,2,2,0,0,2,1,2,2,2,2,2,1,1,2,1,1,2,1,0,2,1,2,2,2,0,0,2,1,1,1,1,0,2,2,1,1
12,1,1,2,2,1,2,2,2,1,2,1,1,2,2,1,1,2,0,1,0,1,1,1,1,1,2,0,1,2,2,1,2,2,1,2,1,1,1,2,0,1,2,2,2,0,2,1,1,2,2
13,2,2,1,1,2,1,1,1,0,1,0,2,1,1,2,2,1,0,0,2,2,2,2,0,2,1,2,2,1,1,0,1,1,2,1,2,0,0,1,2,0,1,1,1,2,1,2,2,1,1
14,1,1,2,2,1,2,2,0,2,2,2,1,2,2,1,1,2,2,2,1,1,1,1,2,1,0,1,1,2,2,2,0,2,1,2,1,2,2,2,1,2,2,2,0,1,2,1,1,0,2
15,0,2,1,1,0,1,1,2,1,1,1,2,1,1,2,2,1,1,1,2,2,2,2,1,2,2,2,0,1,1,1,2,1,2,1,2,1,1,1,2,1,1,1,2,2,1,2,2,2,1
16,2,1,2,2,2,2,0,1,0,2,2,1,2,2,1,1,2,0,2,1,1,1,1,2,1,1,1,2,2,0,0,1,2,1,2,1,0,0,2,1,2,2,2,1,1,2,1,1,1,2
17,1,2,1,1,1,1,0,2,2,1,1,2,1,1,0,2,1,2,1,2,2,2,2,1,2,0,2,1,1,2,2,2,1,2,1,0,2,2,1,2,1,1,1,2,2,1,0,2,2,1
18,2,1,2,2,2,2,2,1,1,0,0,1,2,2,2,1,2,1,0,1,1,1,1,2,1,2,1,2,2,1,1,1,2,1,0,0,1,1,2,1,2,0,2,1,1,2,2,1,1,0
19,1,0,1,1,1,1,1,2,0,0,0,2,1,1,1,2,1,2,0,2,2,2,2,1,2,1,0,1,1,2,0,2,1,2,2,2,0,2,1,2,1,2,1,2,2,1,1,0,0,2
20,2,2,2,2,2,2,2,1,2,2,0,1,0,2,2,1,2,1,0,1,1,1,1,2,1,2,2,2,0,1,2,1,2,1,1,1,2,1,0,1,2,1,2,1,1,0,2,2,2,1
21,1,1,1,1,1,1,1,2,1,1,2,2,2,1,1,2,1,2,2,0,2,0,2,1,2,1,1,1,2,0,1,2,1,2,2,0,1,0,2,2,1,2,1,2,2,2,1,1,1,0
22,2,2,2,2,0,0,2,1,0,2,1,1,1,2,2,1,2,1,1,2,1,2,1,2,1,2,2,2,1,2,0,1,2,1,1,2,0,2,1,1,2,1,2,1,1,1,2,0,0,2
23,1,1,1,1,0,0,1,2,2,1,2,2,2,1,1,0,1,0,0,1,2,1,2,1,2,1,1,1,0,1,2,2,1,2,2,1,2,1,2,2,1,2,1,2,2,0,1,2,2,1
24,2,0,2,2,0,2,2,1,1,2,1,1,1,0,2,2,0,2,2,2,1,2,1,2,1,2,0,2,0,2,1,1,0,1,1,2,1,2,1,1,2,1,0,1,1,2,2,1,1,2
25,1,2,1,1,2,1,1,2,0,1,0,0,2,2,1,1,2,1,1,1,2,1,2,1,2,1,2,1,2,1,0,2,2,2,2,1,0,1,2,2,1,2,2,2,2,1,1,0,2,1
26,2,1,0,2,1,2,2,1,2,2,2,2,1,1,2,2,1,2,2,2,1,2,1,2,1,2,1,0,1,2,2,1,1,1,1,2,2,2,1,1,0,1,1,1,1,2,2,2,1,2
27,1,2,0,1,0,1,1,2,1,1,1,1,2,2,1,1,2,1,1,1,2,1,2,1,2,1,0,2,2,1,1,2,2,2,0,1,1,1,0,2,2,0,2,2,2,1,1,1,2,1
28,2,1,2,0,2,2,0,1,0,2,2,0,1,1,2,2,1,2,2,2,1,2,1,2,1,0,2,1,1,2,0,1,1,1,2,2,0,0,2,1,1,2,1,1,1,2,2,2,1,2
29,1,0,1,0,1,1,2,2,2,1,1,2,2,2,1,1,2,1,1,1,2,1,2,1,2,2,1,2,2,1,2,2,2,2,1,1,0,2,1,2,2,1,2,2,2,1,1,1,2,1
30,0,2,2,2,2,2,1,1,1,2,2,1,1,1,2,2,1,2,2,2,1,2,1,0,1,1,2,1,1,2,1,1,1,1,2,2,2,1,2,1,1,2,1,1,1,2,2,2,1,0
31,2,1,1,1,1,1,0,2,0,1,1,2,2,2,1,1,2,1,1,1,0,1,0,2,2,2,1,2,2,1,0,2,0,2,1,1,1,2,1,2,0,1,2,2,2,1,1,1,2,2
32,1,0,2,2,2,2,2,1,0,2,0,1,1,1,2,2,1,2,0,0,2,2,2,1,1,1,2,1,1,2,2,1,2,1,2,2,0,1,0,1,2,2,1,1,1,2,2,2,1,1
33,2,0,1,1,1,1,1,0,2,1,2,2,2,2,1,1,2,1,2,2,1,1,1,2,2,2,1,2,2,1,1,2,1,2,1,1,0,0,2,2,1,1,2,2,2,1,1,1,0,2
34,1,0,0,2,2,0,2,2,1,2,1,1,1,1,2,2,1,2,1,1,2,2,2,1,1,1,2,1,1,2,0,1,2,1,0,2,2,0,1,1,2,0,1,1,1,0,2,2,0,1
35,0,2,2,1,1,2,1,1,0,1,2,2,2,2,1,1,2,1,0,2,1,1,1,2,2,2,1,2,2,1,2,0,1,2,2,1,1,0,2,0,1,2,0,2,2,0,1,1,2,2
36,2,1,1,0,2,1,0,2,2,0,1,1,1,1,0,2,1,2,0,1,2,2,2,1,1,1,0,1,1,2,1,2,0,1,1,0,0,2,1,2,2,1,2,1,1,2,2,2,1,1
37,1,2,2,2,1,2,0,1,1,2,2,2,2,0,2,1,2,1,2,2,1,1,1,2,2,2,2,2,2,1,0,1,2,2,2,2,0,1,2,1,1,0,1,2,2,1,1,1,2,2
38,2,1,1,1,2,1,0,2,0,1,1,1,1,0,1,2,1,2,1,1,2,0,2,1,1,1,1,1,1,2,2,2,1,1,1,1,2,2,1,2,0,2,2,1,1,2,2,2,1,1
39,1,2,2,2,1,0,2,1,0,2,2,2,2,2,2,1,2,1,2,2,1,2,1,2,2,0,2,2,0,1,1,1,2,2,2,0,1,1,2,1,0,1,1,0,2,1,1,1,2,2
40,0,1,1,1,0,2,1,2,2,1,1,1,1,1,1,2,1,2,1,1,2,1,2,1,1,0,1,1,2,2,0,2,1,1,1,2,0,0,1,2,2,2,0,2,1,2,2,2,1,1
41,2,2,2,2,0,1,0,1,1,0,2,2,2,0,0,1,0,1,2,2,1,2,1,2,2,2,2,2,1,1,2,1,0,2,2,1,2,2,2,1,1,1,2,1,2,1,1,1,2,0
42,1,1,1,1,0,2,2,0,0,0,1,1,1,0,2,2,0,2,1,1,0,1,2,1,1,1,1,1,2,2,1,2,2,1,1,2,1,1,1,0,2,2,1,2,1,2,0,2,1,2
43,0,0,2,2,0,1,1,2,2,2,2,2,2,2,1,1,2,1,2,2,2,2,1,2,2,2,2,2,1,1,0,1,1,2,2,1,0,2,0,0,1,1,2,1,2,1,2,1,2,1
44,0,2,1,1,2,2,2,1,1,1,1,1,1,1,0,2,1,2,1,1,1,1,2,1,1,1,1,1,0,2,2,2,2,1,1,2,0,1,0,2,2,2,1,2,1,2,1,2,1,2
45,2,1,2,2,1,1,1,2,0,2,2,2,2,2,2,1,2,1,0,0,2,2,1,2,0,2,2,2,0,1,1,1,1,0,2,1,2,2,2,1,1,1,2,1,2,1,2,1,2,1
46,1,2,1,1,2,0,2,1,0,1,1,1,1,1,1,2,1,2,0,2,1,1,2,1,2,1,1,1,2,2,0,0,2,0,1,2,1,1,1,0,2,2,1,2,1,0,1,2,1,2
47,2,1,0,0,1,2,1,0,2,2,2,2,0,2,2,1,2,1,2,1,2,0,1,2,1,2,2,0,1,1,2,2,1,2,2,1,0,0,2,2,1,1,2,1,2,2,2,1,2,1
48,1,2,2,0,0,1,2,2,1,1,1,1,2,1,1,2,1,2,1,2,1,2,0,1,2,1,1,2,0,0,1,1,2,1,1,2,0,2,1,1,2,2,1,2,1,1,1,2,1,2
49,2,1,1,2,2,0,1,1,0,0,0,2,1,2,2,1,2,1,2,1,0,1,2,2,1,2,2,1,2,2,0,0,1,2,0,1,2,1,2,2,1,1,2,1,2,2,2,1,2,1
50,1,2,2,1,1,0,0,2,2,2,2,1,2,1,1,2,1,2,1,2,2,2,1,1,2,1,1,0,1,1,2,2,2,1,0,0,1,2,1,1,2,0,1,2,1,1,1,2,1,2
51,0,1,1,0,0,2,2,1,1,1,1,0,1,2,0,1,2,1,0,1,1,1,2,2,1,2,0,2,0,2,1,1,1,0,0,2,0,1,2,2,1,2,2,1,2,0,2,1,2,1
52,2,0,0,2,2,1,1,2,0,2,2,0,2,1,0,2,1,2,2,2,0,2,1,1,2,1,2,1,2,1,0,2,2,2,2,1,2,2,1,1,2,1,1,2,1,2,1,2,1,0
53,1,2,2,1,1,0,2,1,2,1,1,2,1,2,2,1,2,1,1,1,0,1,2,2,1,2,1,0,1,0,2,1,1,1,1,2,1,1,2,2,1,2,0,1,2,1,2,1,2,2
54,2,1,1,0,2,2,1,2,1,2,2,1,2,1,1,2,1,0,2,2,2,0,1,1,2,1,2,2,0,2,1,2,2,2,2,1,0,0,1,1,2,1,2,2,1,2,1,2,1,1
55,1,2,2,0,1,1,2,1,0,1,1,2,1,2,2,1,0,0,1,1,1,2,2,2,1,2,1,1,0,1,0,1,1,1,1,2,2,2,2,2,1,2,1,1,2,1,0,1,2,2
56,2,1,1,0,2,0,1,0,2,2,0,1,2,1,1,2,2,2,2,2,2,1,1,1,2,1,2,2,2,2,0,2,2,2,2,1,1,1,1,1,2,1,2,2,1,2,0,2,1,1
57,1,2,2,2,1,2,2,2,1,1,0,2,1,2,2,1,1,1,1,1,1,0,2,2,1,2,1,1,1,1,0,1,1,1,1,2,0,2,2,2,1,2,1,1,2,1,2,1,2,2
58,2,1,1,1,2,1,1,1,0,2,2,1,2,1,1,2,0,0,2,0,2,2,1,1,2,1,2,2,2,2,0,2,2,2,2,1,2,1,1,1,2,1,2,2,1,2,1,2,1,1
59,1,2,2,2,1,2,2,2,2,1,1,2,1,2,2,1,0,2,1,2,1,1,2,2,1,2,1,1,1,1,2,1,1,1,1,2,1,2,2,2,1,0,1,1,0,1,2,1,2,2
60,2,1,1,1,2,1,1,1,1,2,2,1,2,1,1,2,2,1,2,1,0,2,1,1,2,1,0,0,2,2,1,2,2,2,2,1,0,1,1,1,0,2,2,2,2,2,1,2,1,1
61,1,2,2,2,1,2,2,2,0,1,1,2,1,2,2,1,1,2,1,2,2,1,2,2,1,2,0,2,1,1,0,1,1,1,1,2,2,2,2,2,2,1,1,1,1,1,2,1,0,0
62,0,1,1,1,2,1,1,1,2,2,2,1,2,1,1,2,2,1,2,1,1,2,1,1,2,1,0,1,2,0,2,2,2,2,2,1,1,1,1,1,1,2,2,2,2,2,1,2,2,2
63,2,2,0,2,1,0,2,2,1,1,1,2,1,2,0,1,1,2,1,0,2,1,2,2,1,2,2,2,1,0,1,1,1,1,1,2,0,2,2,2,2,1,1,1,1,1,2,1,1,1
64,1,1,2,1,2,2,1,1,0,0,2,1,2,1,2,2,2,1,0,0,1,2,1,1,0,1,1,1,2,2,0,2,2,2,0,1,2,1,1,1,1,2,2,0,2,2,1,0,2,2
65,2,2,1,2,1,1,2,2,2,2,1,2,1,2,1,1,1,0,2,2,2,1,2,2,2,0,0,2,1,1,2,1,1,1,2,2,1,2,2,0,2,1,1,2,1,1,0,2,1,1
66,1,1,2,1,0,2,1,1,1,1,2,1,2,1,2,2,2,2,1,1,1,2,1,1,1,2,2,1,2,2,1,2,2,2,1,1,0,1,1,2,1,2,2,1,2,2,2,1,0,2
67,2,2,1,0,2,1,2,2,0,2,1,2,1,2,1,1,1,1,2,2,2,1,2,2,0,1,1,0,1,1,0,1,1,1,2,2,0,0,2,1,2,1,1,2,1,1,1,2,0,1
68,1,1,2,2,1,0,1,1,2,1,2,1,2,1,2,2,0,0,1,1,1,2,1,1,2,2,0,2,2,2,2,2,2,2,1,1,2,2,1,2,1,2,2,1,0,2,2,1,0,2
69,2,2,1,1,2,2,0,0,1,0,1,0,1,2,1,1,2,2,2,2,2,1,2,2,1,1,2,1,1,1,1,1,1,1,2,0,1,1,2,1,2,1,1,2,2,1,1,2,2,1
70,1,1,2,0,1,1,0,2,0,2,2,2,2,1,2,2,1,1,1,1,1,2,1,1,2,2,1,2,2,2,0,2,2,2,1,0,0,2,1,0,1,2,0,1,1,2,2,1,1,2
71,2,2,1,2,2,2,0,1,2,1,1,1,1,2,1,1,2,2,2,2,0,1,2,2,1,1,2,1,1,1,2,1,1,1,0,2,2,1,2,2,2,1,0,2,2,1,1,2,0,1
72,1,1,0,1,1,1,2,2,1,0,2,0,0,1,0,2,1,1,1,1,2,2,1,1,2,2,1,2,2,2,1,0,2,2,2,1,1,2,1,1,1,2,0,1,1,2,2,1,2,2
73,2,2,0,2,2,2,1,1,0,2,1,2,0,2,2,1,2,2,2,0,1,1,2,2,1,1,2,1,1,1,0,2,1,1,1,2,0,1,2,2,0,1,0,2,2,1,1,2,1,1
74,1,1,2,1,1,1,2,0,2,1,2,1,2,1,1,2,1,1,1,0,2,2,1,1,2,2,1,0,2,0,2,1,2,0,2,1,2,2,1,1,2,2,2,1,1,0,2,1,2,2
75,2,2,1,2,2,2,1,2,1,2,1,2,1,2,2,1,2,2,2,2,1,1,2,2,1,1,2,0,1,2,1,0,1,0,1,2,1,1,2,2,1,1,1,2,2,2,1,2,1,1
76,1,1,2,1,1,1,2,1,0,1,2,1,0,1,1,2,1,1,1,1,2,0,1,1,2,2,1,2,0,1,0,0,2,2,2,1,0,2,1,1,2,2,2,1,1,1,2,1,2,0
77,2,0,1,2,2,2,1,2,0,2,1,2,2,2,2,1,0,2,2,2,1,2,2,2,1,1,2,1,2,0,2,2,1,1,1,2,0,1,0,2,1,1,1,2,2,2,1,2,1,2
78,1,2,2,1,1,1,0,1,2,1,2,1,1,1,1,2,2,1,1,1,0,1,1,1,2,2,1,0,1,2,1,1,0,2,2,1,2,0,0,1,2,2,2,1,1,1,0,1,2,1
79,2,1,1,2,2,2,2,2,1,2,1,2,0,2,2,1,1,2,0,0,2,2,0,2,1,1,0,2,2,1,0,0,2,1,1,2,1,2,2,0,1,1,1,0,2,2,2,2,1,2
80,1,0,2,1,1,1,1,1,0,1,2,1,2,1,1,2,2,1,2,2,1,1,2,1,0,2,2,1,1,2,2,2,1,2,2,1,0,1,1,2,2,2,0,0,1,1,1,1,0,1
81,2,2,1,0,2,2,2,0,2,2,1,2,1,2,2,1,1,2,1,1,2,2,1,0,2,1,1,2,2,1,1,1,2,1,1,2,0,0,2,1,1,1,2,0,0,2,2,2,2,0
82,1,1,2,2,1,1,1,2,1,1,2,1,2,1,1,2,0,1,2,2,1,1,2,2,1,0,2,1,1,2,0,2,1,0,2,1,2,0,1,2,2,2,1,2,2,1,1,1,1,2
83,2,2,1,1,2,2,0,1,0,2,1,2,1,0,2,1,2,2,1,1,2,2,1,1,2,2,1,2,2,1,2,1,0,2,1,0,1,2,2,1,1,1,0,1,1,2,2,0,2,1
84,1,1,2,2,1,1,2,2,2,1,2,1,2,0,1,2,1,1,2,2,1,1,2,0,1,1,2,1,1,2,1,2,2,1,0,0,0,1,1,2,2,2,0,2,2,1,1,2,1,0
85,2,2,1,1,2,2,1,1,1,2,1,2,1,2,2,1,2,2,1,1,0,2,1,2,2,0,1,2,2,1,0,1,1,2,2,0,2,2,0,1,1,1,2,1,1,2,2,1,0,2
86,1,1,2,2,1,1,2,2,0,1,2,1,2,1,1,2,1,1,2,2,2,1,0,1,1,2,2,1,1,0,0,2,2,1,1,2,1,1,2,2,2,0,1,2,2,1,1,2,2,1
87,2,2,1,1,2,2,1,1,2,2,1,2,1,2,2,1,2,2,1,1,1,2,2,2,2,1,1,2,2,2,0,1,1,2,2,1,0,2,1,1,1,2,2,1,1,0,2,1,1,2
88,1,1,2,2,1,1,2,2,1,1,0,1,2,1,1,0,1,1,2,2,0,1,1,1,1,2,2,1,1,1,2,2,0,1,1,2,2,1,2,2,2,1,1,2,2,2,1,0,2,1
89,2,2,1,1,2,2,1,1,0,2,2,2,1,0,0,0,2,2,1,1,2,2,2,2,2,1,1,0,2,2,1,1,2,0,2,1,1,2,1,1,1,0,0,1,1,1,0,2,1,0
90,1,1,2,2,1,1,2,0,2,1,1,1,2,2,2,2,1,1,2,2,1,1,1,1,1,2,2,2,1,1,0,2,1,2,1,2,0,1,2,0,2,2,2,2,2,2,2,1,0,2
91,2,2,1,1,0,0,1,0,1,2,2,0,1,1,1,1,2,2,1,1,2,2,2,2,2,1,1,1,2,2,2,1,2,1,0,1,2,0,1,2,1,1,1,1,1,1,1,2,2,1
92,1,1,0,2,0,2,2,2,0,1,1,2,2,2,2,2,1,1,2,2,1,1,1,1,1,2,0,2,1,1,1,2,1,0,2,2,1,2,2,1,2,2,2,2,2,2,2,1,1,2
93,0,2,2,1,2,1,1,1,2,2,2,1,1,1,1,1,2,2,1,1,2,2,2,2,2,1,0,1,2,2,0,1,2,2,1,1,0,1,1,2,1,1,1,1,1,1,1,2,2,1
94,2,1,1,2,1,2,2,2,1,1,1,2,2,2,0,2,1,1,0,0,1,1,1,1,1,0,2,2,1,1,2,2,1,1,2,2,2,2,0,1,0,2,0,0,2,2,2,1,1,2
95,1,2,0,1,2,1,1,1,0,2,2,1,1,1,2,1,2,2,2,2,2,2,2,0,2,2,1,1,2,2,1,1,2,0,1,1,1,1,2,2,2,1,0,0,1,1,1,2,2,1
96,2,1,2,2,1,2,2,2,2,1,1,0,2,2,1,2,1,1,1,1,1,1,1,2,1,1,0,0,1,1,0,0,1,2,2,2,0,2,1,1,1,2,2,0,2,2,0,1,1,0
97,1,0,1,1,2,1,1,1,1,2,2,0,1,1,2,1,2,2,2,2,0,2,2,1,2,2,2,2,0,2,2,2,2,1,1,1,2,1,2,2,2,1,1,0,1,1,2,2,0,2
98,2,0,2,2,1,0,2,2,0,1,1,2,2,2,1,2,1,1,1,1,2,1,1,2,1,1,1,1,2,1,1,1,1,2,2,2,1,2,1,1,1,0,2,2,2,2,1,1,2,1
99,1,0,1,1,2,2,1,1,2,2,0,1,1,1,2,1,0,2,0,2,1,0,2,1,2,0,0,0,1,0,0,2,2,1,1,1,0,1,2,0,2,2,1,1,1,1,2,2,1,2
100,0,2,2,2,1,1,2,2,1,1,2,2,2,0,1,2,2,1,2,1,0,2,1,0,1,0,2,0,2,2,0,1,1,0,2,2,2,2,1,2,1,1,0,2,0,2,1,1,2,1
101,0,1,1,1,0,2,1,1,0,2,1,1,1,2,0,1,1,2,1,2,2,1,2,2,2,2,1,2,1,1,2,0,0,2,1,1,1,1,2,1,0,2,2,1,2,1,2,2,1,2
102,2,2,2,2,0,1,2,2,2,1,2,0,2,1,2,2,2,1,2,1,1,2,1,1,1,1,0,1,2,2,1,2,2,1,2,2,0,2,1,2,2,1,1,2,1,2,1,1,2,1
103,1,1,1,1,2,2,1,1,1,2,1,2,1,0,1,1,1,2,1,2,2,1,2,0,2,0,2,2,1,1,0,1,1,2,1,1,0,1,2,1,1,2,2,1,2,1,2,2,1,2
104,2,2,2,2,1,1,2,2,0,1,2,1,2,2,2,0,2,1,2,1,1,2,1,2,1,2,1,1,2,2,2,2,2,1,2,2,0,2,1,2,2,1,1,0,1,2,1,1,2,1
105,1,1,1,1,0,2,1,1,2,2,1,2,1,1,1,2,1,2,1,0,2,1,0,1,2,1,0,2,1,1,1,1,1,2,1,1,2,1,2,1,1,2,2,2,2,1,0,2,1,0
106,2,2,2,2,2,1,0,0,1,1,2,1,2,2,2,1,2,1,2,0,1,2,2,0,1,2,2,1,2,2,0,0,2,1,2,0,1,0,1,0,0,1,1,1,1,2,0,1,2,2
107,1,1,1,1,1,2,2,2,0,2,1,2,1,1,1,2,1,2,1,2,2,1,1,2,2,1,1,2,1,1,0,2,1,2,1,2,0,0,0,2,2,2,2,2,2,1,0,2,1,1
108,2,2,2,0,2,1,1,1,0,1,2,1,0,2,2,1,2,1,2,1,1,2,2,1,1,2,2,1,2,2,0,1,2,1,2,1,2,2,2,1,1,1,1,1,1,2,0,1,2,0
109,1,1,1,2,1,2,2,2,2,0,1,0,2,1,1,2,1,0,1,2,0,1,1,2,2,1,1,2,1,1,2,2,1,2,1,2,1,1,1,0,2,0,2,2,2,1,0,2,1,2
110,0,2,2,1,2,1,1,1,1,2,2,2,1,2,2,1,2,2,0,1,2,2,2,1,1,0,2,1,0,0,1,1,2,1,2,1,0,2,2,2,1,2,1,1,1,2,2,1,2,1
111,2,1,1,0,1,2,0,2,0,1,1,1,2,1,1,2,1,1,0,2,1,1,1,2,2,0,1,2,2,2,0,2,1,2,1,2,2,1,1,1,2,1,2,2,2,1,1,0,1,0
112,1,0,2,2,0,1,2,1,0,2,2,2,1,2,2,1,2,2,2,1,2,2,2,1,1,0,2,1,1,1,2,1,0,1,2,1,1,2,2,0,1,2,1,1,1,2,0,2,2,2
113,2,2,1,1,2,2,1,2,2,1,1,1,2,1,1,0,1,1,1,0,1,1,1,2,2,2,1,2,2,2,1,2,2,2,1,2,0,1,1,2,2,1,2,2,2,1,0,1,1,1
114,1,1,2,2,1,1,2,1,1,2,2,2,1,2,2,2,2,2,2,2,2,2,2,1,1,1,2,1,1,1,0,1,1,1,2,1,2,2,2,1,1,2,1,1,1,0,2,2,2,2
115,0,2,1,1,2,2,1,2,0,1,1,1,2,1,1,1,1,1,1,1,1,1,1,0,2,2,1,0,0,0,2,2,2,2,1,2,1,1,1,2,2,1,2,0,2,2,1,1,1,1
116,0,1,2,2,1,1,0,1,2,0,2,2,1,2,2,2,2,2,0,2,2,2,2,2,1,1,2,2,0,0,1,1,1,1,0,1,0,2,2,1,1,2,1,2,1,1,2,2,2,2
117,2,2,1,1,0,2,2,2,1,2,1,1,2,1,1,1,1,1,2,1,1,1,1,1,2,0,1,1,0,0,0,2,2,2,2,2,2,1,1,2,2,1,2,1,0,2,1,1,1,1
118,1,1,2,0,0,1,1,1,0,1,2,2,1,2,2,0,2,2,1,2,2,2,2,2,1,2,2,2,2,2,0,1,1,1,1,1,1,2,2,1,1,0,1,2,2,1,0,2,2,2
119,2,0,1,2,2,2,0,2,2,0,1,1,2,1,1,2,1,1,2,1,1,1,1,1,2,1,1,1,1,1,2,2,0,2,2,2,0,1,1,2,2,2,2,1,1,2,2,1,1,1
120,1,2,2,1,1,1,0,1,1,2,2,0,1,0,2,1,0,0,1,2,2,2,2,2,1,0,2,2,0,2,1,1,2,1,1,1,2,2,2,1,1,1,1,2,0,1,1,0,2,2
121,2,1,1,0,2,2,2,2,0,1,1,2,2,0,1,2,0,2,2,1,1,1,1,1,0,2,1,1,2,1,0,2,1,2,2,2,1,1,1,0,0,2,2,1,2,2,0,2,1,1
122,1,2,2,2,1,1,1,1,0,2,2,1,1,2,2,1,2,1,1,2,2,2,2,0,2,1,2,2,1,2,0,1,0,1,1,1,0,2,0,2,2,1,1,2,1,1,2,1,2,0
123,0,1,1,1,2,2,2,2,0,1,1,2,0,1,1,2,1,2,2,1,1,1,1,2,1,2,1,1,2,1,2,2,2,2,2,2,2,1,2,1,1,2,0,1,0,2,1,2,1,2
124,2,2,2,2,1,1,1,1,0,2,2,1,2,0,2,1,2,1,1,2,0,2,2,1,2,1,2,2,1,2,1,1,1,1,1,1,1,2,1,2,2,1,0,2,2,1,2,1,2,1
125,1,1,1,1,2,0,0,2,2,1,1,0,1,2,1,0,1,2,2,1,2,1,1,0,1,2,1,1,0,1,0,2,2,2,2,2,0,1,2,1,1,2,2,1,1,0,1,2,1,2
126,0,2,0,2,1,2,2,1,1,0,0,2,2,1,2,2,2,1,1,2,1,2,2,2,2,1,2,2,2,2,2,1,1,1,1,1,2,2,1,2,2,1,1,2,2,2,0,1,2,1
127,2,1,2,1,2,1,1,2,0,2,2,1,1,0,1,1,1,2,2,1,2,1,1,1,1,0,1,1,1,1,1,2,2,0,2,2,1,1,2,1,1,2,2,1,1,1,2,2,1,2
128,1,2,1,2,1,0,2,1,2,1,1,0,0,2,2,2,2,1,1,2,1,0,2,2,0,2,0,2,2,2,0,1,1,2,1,1,0,2,1,2,2,1,1,2,2,2,1,1,2,1
129,0,1,2,1,2,2,1,2,1,2,2,2,2,1,1,1,1,2,0,1,2,2,1,1,0,1,2,1,1,1,2,2,2,1,2,2,2,1,2,1,1,2,2,1,1,1,2,2,1,2
130,2,2,1,2,1,1,0,1,0,1,1,1,1,2,2,2,2,1,2,2,1,1,2,0,2,2,1,2,2,0,1,1,1,0,1,1,1,2,1,2,2,1,1,2,2,2,1,1,2,1
131,1,1,2,1,2,2,2,0,2,2,2,2,2,1,1,1,1,2,1,1,2,2,1,0,1,1,2,1,1,2,0,2,2,2,2,2,0,1,2,1,1,2,2,1,1,1,2,2,1,2
132,2,0,1,0,1,1,1,2,1,1,1,1,1,2,2,2,0,1,2,2,1,1,2,2,2,2,1,2,2,1,2,1,1,1,1,1,2,2,1,2,2,1,1,2,2,2,1,1,0,1
133,1,2,2,2,2,2,2,1,0,2,0,2,2,1,1,1,2,2,1,1,2,2,1,1,1,1,2,1,1,0,1,2,2,2,2,2,1,1,2,1,1,2,2,1,1,1,2,0,2,2
134,2,1,1,1,1,1,1,2,0,1,2,1,1,2,2,0,1,1,0,2,1,1,0,2,2,2,1,2,2,0,0,1,1,1,1,1,0,2,1,2,2,1,1,2,2,2,1,2,1,1
135,1,2,2,2,2,2,0,1,2,0,1,2,2,1,1,2,2,2,2,1,2,2,2,1,1,1,2,1,1,2,2,0,2,2,2,2,2,1,2,1,1,2,0,1,1,1,2,1,0,2
136,0,1,1,1,1,1,2,2,1,2,2,1,1,2,2,1,1,1,1,2,1,1,1,2,2,2,1,2,2,1,1,2,1,1,1,1,1,0,1,2,0,1,2,0,2,2,1,2,0,1
137,0,2,2,2,2,2,1,1,0,1,1,2,2,1,1,2,2,0,2,1,0,2,2,1,1,1,2,1,1,2,0,1,0,0,2,2,0,2,2,1,2,2,1,2,1,1,0,1,2,2
138,2,1,1,1,1,1,2,2,2,0,2,1,1,0,0,1,1,2,1,2,2,1,1,2,0,0,1,2,0,1,2,2,2,2,1,1,0,1,1,2,1,1,2,1,0,0,0,2,1,1
139,1,0,0,0,2,2,1,1,1,2,1,0,2,0,0,2,2,1,2,1,1,2,0,1,2,2,2,1,2,2,1,1,1,1,0,2,2,2,2,1,2,2,1,0,0,2,2,1,2,2
140,2,2,2,0,1,1,0,2,0,1,2,2,1,2,2,1,1,2,1,2,2,1,2,2,1,1,1,2,1,1,0,2,2,2,0,1,1,1,1,2,1,1,2,0,2,1,1,2,1,1
141,1,1,1,0,0,2,0,1,2,2,1,1,0,1,1,2,0,1,2,1,1,2,1,1,2,2,2,1,2,2,2,1,1,1,2,2,0,2,2,1,2,2,1,2,1,2,2,1,2,2
142,0,2,2,2,2,1,2,2,1,1,2,2,2,2,2,1,0,0,1,2,2,1,2,2,1,1,1,2,1,1,1,2,2,2,1,1,0,1,1,2,1,1,2,1,0,1,1,0,1,1
143,2,1,1,1,1,2,1,1,0,0,1,1,1,1,1,0,2,2,2,1,1,2,1,1,0,2,2,1,0,0,0,1,1,1,2,2,2,2,0,1,2,2,1,2,2,2,2,2,2,2
144,1,2,2,2,2,1,2,2,2,0,2,2,0,0,2,2,1,1,1,0,2,1,0,2,0,1,1,0,0,2,2,2,2,2,1,1,1,1,2,2,1,1,2,1,1,1,1,1,1,1
145,2,1,1,1,1,2,1,1,1,0,1,1,2,2,1,1,2,0,2,2,1,2,2,1,2,0,2,2,2,1,1,1,1,1,0,2,0,0,1,1,0,2,1,2,2,2,2,2,2,2
146,1,2,2,0,2,1,0,2,0,2,2,2,1,1,2,2,1,2,1,1,0,1,1,2,1,2,1,1,1,2,0,2,2,0,2,1,2,2,2,2,2,1,2,1,1,1,1,1,1,1
147,2,1,1,2,1,0,2,1,0,1,1,1,2,2,1,1,2,1,2,2,2,2,2,1,2,1,2,2,2,1,2,1,1,2,1,2,1,1,1,1,1,2,1,2,2,0,2,2,0,2
148,1,2,2,1,0,2,1,2,2,2,2,0,1,1,2,2,1,0,1,1,1,1,1,2,1,2,1,1,1,0,1,2,2,1,0,1,0,2,0,0,2,1,0,1,1,2,1,1,2,1
149,2,1,1,2,2,1,2,1,1,1,1,2,0,2,1,1,0,0,2,2,0,2,2,1,2,1,2,2,2,2,0,1,1,0,0,2,0,1,2,0,1,2,2,2,0,1,2,2,1,2
150,1,0,0,1,1,2,1,0,0,2,2,1,0,1,2,2,2,2,1,1,2,1,1,2,1,0,1,1,1,1,2,2,2,0,2,1,2,2,1,2,2,1,1,1,2,2,1,1,2,1
151,0,2,2,0,2,1,2,2,2,1,1,2,2,2,1,1,1,1,2,2,1,0,2,1,2,2,2,2,2,2,1,1,1,0,1,2,1,1,2,1,1,0,0,2,1,1,0,2,1,0
152,2,1,1,0,1,2,1,1,1,0,2,1,1,1,2,2,2,0,1,1,2,2,1,2,1,1,1,1,1,1,0,0,2,2,0,1,0,2,1,0,2,0,2,1,2,2,2,1,2,2
153,1,2,2,2,0,1,2,2,0,2,1,0,2,2,1,1,1,0,0,2,1,1,2,1,0,0,2,2,0,2,0,0,1,1,2,2,2,1,2,2,1,2,1,2,1,1,1,2,1,1
154,2,1,1,1,2,2,1,1,2,1,0,2,1,1,2,0,2,0,2,1,2,2,1,2,2,2,1,1,2,1,2,0,0,2,1,1,1,2,1,1,2,1,2,1,0,0,2,1,2,2
155,1,2,2,2,1,1,0,2,1,2,2,1,2,2,1,2,1,2,1,0,1,1,2,1,1,1,2,0,1,2,1,2,2,1,2,2,0,1,0,2,1,2,1,2,2,2,1,2,1,1
156,2,1,1,1,2,2,0,1,0,1,1,2,1,1,2,1,2,1,2,2,2,2,1,2,2,0,1,2,2,1,0,1,1,2,1,1,2,2,2,1,2,1,2,1,1,1,2,1,2,2
157,1,0,2,2,1,1,2,2,2,2,0,1,2,2,1,2,1,2,1,1,1,1,2,1,1,2,2,1,1,2,2,2,2,1,2,2,1,1,1,2,1,2,1,2,0,2,1,2,1,1
158,2,2,1,1,0,2,1,1,1,1,2,0,1,1,2,1,2,1,0,0,2,2,1,2,2,1,1,2,2,1,1,1,1,2,1,1,0,0,2,1,2,1,2,1,0,1,2,1,2,2
159,1,1,2,2,2,1,2,2,0,2,1,2,2,2,1,2,1,2,2,0,1,1,2,1,1,2,2,1,1,0,0,2,2,1,2,2,2,2,1,2,1,2,1,2,2,2,1,0,1,1
160,2,2,1,1,1,2,1,1,0,1,2,1,1,1,0,1,0,1,1,2,2,2,1,2,2,1,1,2,0,2,2,1,1,2,1,1,1,1,2,1,2,1,0,1,1,1,2,2,2,2
161,1,1,2,2,2,1,2,2,2,2,1,2,2,2,2,2,0,0,2,1,1,1,2,1,1,2,2,1,0,1,1,0,2,1,2,2,0,0,1,2,1,2,2,2,2,2,1,1,1,1
162,2,2,1,1,1,2,1,1,1,1,0,1,1,1,1,1,2,2,1,2,2,2,1,0,2,1,1,0,2,2,0,2,1,2,1,1,2,2,2,1,2,1,1,1,1,1,2,2,2,2
163,1,1,2,2,2,1,0,2,0,2,2,0,2,2,2,2,1,1,2,1,1,1,2,2,1,0,2,2,1,1,2,1,2,1,2,2,1,1,1,2,1,2,2,2,0,2,1,1,1,1
164,2,2,1,1,1,2,0,1,2,1,1,0,1,1,1,1,0,2,1,2,0,2,1,1,2,2,1,1,0,2,1,2,1,2,1,1,0,2,2,1,0,1,1,1,2,1,2,0,0,2
165,1,1,0,2,2,1,2,2,1,0,2,2,0,0,0,0,2,1,2,1,2,1,2,2,1,1,2,2,2,1,0,1,2,1,2,2,2,1,1,2,0,0,0,2,1,2,1,2,2,1
166,2,2,2,1,1,2,1,1,0,2,1,1,2,2,2,2,1,2,1,0,1,2,1,1,2,2,1,1,1,2,2,2,1,2,1,1,1,0,2,1,0,2,2,1,2,1,0,1,1,2
167,1,1,1,2,0,1,2,2,2,1,2,2,1,1,1,1,2,1,2,2,0,1,2,2,1,1,2,2,2,1,1,1,0,1,2,2,0,2,1,0,2,1,1,2,1,2,2,2,2,1
168,2,2,2,1,2,2,1,1,1,0,1,1,2,0,2,2,1,2,1,1,2,2,1,1,0,2,1,1,1,0,0,0,0,2,1,1,2,1,2,2,1,2,2,1,2,1,1,1,1,2
169,1,1,1,0,1,1,2,2,0,0,2,2,1,2,1,1,2,1,2,2,1,1,2,2,2,1,2,2,0,2,2,0,2,1,0,2,1,2,1,1,2,1,1,0,1,0,0,0,2,1
170,2,2,2,2,2,2,1,1,2,2,1,1,2,1,2,2,1,2,1,1,2,2,1,1,1,2,1,1,2,1,1,2,1,0,2,1,0,1,2,0,1,2,0,2,2,2,2,2,1,2
171,1,1,1,1,1,1,0,2,1,1,2,0,1,2,1,1,2,1,0,2,1,1,0,2,0,1,2,0,1,2,0,1,0,0,1,2,0,2,1,2,2,1,2,1,1,1,1,1,0,1
172,2,2,2,2,2,2,2,1,0,2,1,0,2,1,2,2,1,2,2,1,2,0,2,1,2,0,1,2,0,1,2,2,2,2,0,1,2,1,2,1,1,2,1,2,2,2,2,2,2,2
173,1,1,1,1,1,1,1,2,2,1,2,2,1,2,1,1,2,1,1,2,1,2,1,2,1,2,2,1,2,2,1,1,1,1,0,2,1,2,1,2,2,1,2,1,1,1,1,1,1,1
174,2,2,2,2,2,2,0,1,1,2,1,1,0,1,0,2,1,2,2,1,2,1,2,1,2,1,1,2,1,1,0,0,2,2,0,1,0,1,2,1,1,2,1,2,2,2,2,2,2,2
175,1,1,1,1,1,1,2,0,0,1,0,2,2,2,2,1,2,1,1,2,1,2,1,2,1,2,2,1,2,2,2,2,1,1,0,2,2,2,1,2,0,1,2,1,1,1,1,1,1,1
176,2,2,2,0,2,2,1,0,2,2,0,1,1,1,1,2,1,2,2,1,0,1,2,1,2,1,1,2,1,1,1,1,2,0,2,1,1,1,2,1,0,0,1,2,2,2,2,2,2,2
177,1,1,1,2,1,1,2,2,1,1,2,2,0,2,0,1,2,1,1,0,2,2,1,2,1,2,2,1,2,2,0,2,1,2,1,2,0,2,1,2,2,2,2,1,1,1,1,1,1,1
178,2,2,0,1,2,2,1,1,0,2,1,1,2,1,2,2,1,2,2,2,1,1,2,1,2,1,1,2,1,1,2,1,2,1,2,1,2,1,2,1,1,1,1,0,2,0,2,2,2,2
179,1,1,2,0,1,1,2,2,2,1,2,0,1,2,1,1,0,1,1,1,2,2,1,0,1,2,2,1,0,2,1,2,1,2,1,2,1,0,1,2,2,2,2,2,1,2,1,1,1,1
180,2,2,1,2,2,2,1,1,1,2,1,2,0,1,2,2,2,2,2,2,1,1,2,0,2,1,1,2,2,1,0,1,0,1,2,1,0,2,2,1,1,1,1,1,2,1,2,2,2,2
181,1,1,2,1,1,1,2,2,0,1,0,1,0,0,1,1,1,1,1,1,2,2,1,0,1,0,0,1,1,0,2,2,0,2,1,2,2,1,1,0,2,2,2,2,1,2,1,1,1,1
182,2,2,1,2,2,0,1,1,2,2,2,2,2,2,0,2,0,2,2,2,1,1,2,2,2,2,2,2,2,0,1,1,2,1,2,1,1,2,2,2,1,1,1,1,2,1,0,2,2,0
183,1,1,2,1,1,2,2,2,1,1,1,1,1,1,2,1,2,1,1,1,2,0,1,1,1,1,1,1,1,2,0,2,1,2,1,2,0,1,1,1,2,2,2,2,1,2,2,1,1,2
184,2,2,1,2,2,1,1,1,0,0,2,0,2,0,1,0,1,2,2,2,1,2,2,2,2,2,2,2,2,1,0,1,0,1,0,1,2,0,0,2,1,1,1,1,2,1,1,2,2,1
185,1,1,2,1,1,2,2,2,2,2,1,2,1,0,2,2,2,1,1,1,2,1,1,1,1,1,1,1,1,2,2,2,0,2,0,2,1,2,2,1,2,2,0,2,1,2,2,1,1,0
186,2,2,1,2,2,1,1,1,1,1,2,1,2,2,1,1,1,2,0,2,1,2,2,2,2,0,2,2,2,1,1,1,0,1,2,1,0,1,1,2,1,1,2,1,2,1,1,2,2,2
187,1,1,2,1,1,0,2,0,0,2,1,2,1,1,2,2,2,1,2,1,2,1,1,1,1,2,1,1,1,2,0,2,2,2,1,2,2,2,2,1,2,2,1,2,1,2,2,1,1,1
188,0,2,1,2,2,2,1,0,2,1,2,1,0,2,1,1,1,2,1,2,1,2,2,2,0,1,2,2,2,1,2,1,1,1,2,1,1,1,1,2,1,1,0,1,0,1,1,2,2,0
189,2,1,0,1,1,1,2,2,1,2,1,2,2,1,0,0,2,1,2,1,2,1,1,1,2,0,1,1,1,2,1,2,2,0,1,2,0,2,2,1,2,2,2,2,0,2,0,1,1,2
190,1,2,2,2,2,2,1,1,0,1,2,1,1,2,2,0,1,2,1,0,1,2,2,2,1,2,2,0,2,1,0,1,1,2,2,1,0,1,1,2,1,1,1,1,2,1,0,2,0,1
191,2,1,1,1,1,1,2,2,2,0,1,2,2,1,1,2,2,1,2,2,0,1,1,1,2,1,1,2,1,2,2,2,0,1,1,2,2,2,2,1,2,0,2,2,1,2,2,1,2,2
192,1,2,2,2,2,2,1,1,1,2,2,1,1,2,2,1,1,2,1,1,2,2,2,2,1,2,2,1,2,1,1,1,2,2,0,1,1,1,1,2,1,0,1,1,2,1,1,2,1,1
193,0,1,1,1,1,1,0,2,0,1,1,2,2,1,1,2,2,1,2,0,1,1,1,1,0,1,1,2,1,0,0,2,1,1,2,2,0,2,2,1,2,2,0,2,1,2,2,1,2,2
194,0,0,2,2,2,2,2,1,2,2,2,1,1,2,2,1,1,2,1,2,0,2,2,2,2,0,2,1,2,2,2,1,2,2,1,1,2,1,1,0,1,1,2,1,2,1,1,2,1,1
195,0,2,1,1,1,1,1,2,1,1,1,2,2,1,1,0,0,1,2,1,2,1,1,1,1,2,1,0,1,1,1,2,1,1,2,2,1,2,2,0,2,0,1,2,1,2,2,1,2,2
196,0,1,2,2,2,2,2,1,0,2,2,1,1,0,2,2,2,2,1,2,1,0,2,0,2,1,2,2,2,2,0,1,2,2,1,1,0,1,1,0,1,2,2,1,2,1,1,2,1,1
197,2,2,1,1,1,1,1,2,2,1,1,2,2,2,1,1,1,1,0,1,2,0,1,0,1,2,1,1,1,1,2,2,1,1,2,2,0,2,2,2,2,1,1,2,1,2,2,1,2,2
198,1,1,2,2,2,2,2,1,1,2,2,1,1,1,2,2,2,2,0,2,1,2,2,0,2,1,2,2,2,2,1,1,0,2,1,1,2,1,1,1,1,2,2,1,0,1,1,2,1,1
199,0,2,1,1,1,1,1,2,0,1,1,2,2,2,1,1,1,1,2,1,2,1,1,2,1,0,1,1,1,1,0,2,2,1,2,2,1,2,2,2,0,1,1,2,2,2,2,1,2,2
200,2,1,2,2,2,2,0,1,0,2,2,1,1,1,2,2,2,0,1,2,1,2,2,1,2,2,2,2,2,2,2,1,1,2,1,1,0,1,1,1,2,2,2,1,1,1,1,2,1,1
201,1,2,1,1,1,1,2,2,2,1,1,2,2,2,1,1,1,2,2,1,2,1,1,0,1,1,1,1,1,1,1,2,2,1,2,0,2,0,2,2,1,1,1,0,2,2,0,1,2,0
202,2,1,2,2,2,2,1,1,1,2,2,1,1,1,2,2,2,1,1,2,1,2,2,2,2,0,2,2,2,2,0,1,1,2,1,2,1,0,1,1,2,2,2,2,1,1,0,2,1,2
203,1,2,1,1,1,1,2,2,0,1,1,2,2,0,1,1,1,2,2,1,2,1,1,1,1,2,1,1,1,1,2,2,2,1,2,1,0,0,0,2,1,1,1,1,2,0,2,1,2,1
204,0,1,2,0,2,2,1,1,2,2,2,1,1,0,2,2,2,1,1,0,1,2,2,2,2,1,2,0,2,0,1,1,1,2,1,2,2,2,0,1,0,0,0,2,1,2,1,2,1,2
205,0,2,1,2,1,1,0,2,1,1,1,2,0,2,1,1,1,0,2,2,2,1,1,1,1,2,1,2,1,2,0,2,2,1,2,1,1,1,2,2,2,2,2,1,2,1,2,1,2,1
206,2,1,2,1,0,2,2,1,0,0,2,1,2,1,2,2,0,0,1,1,1,2,2,2,0,1,2,1,2,1,2,1,1,2,1,2,0,0,1,1,1,1,1,2,1,2,1,2,1,2
207,1,2,1,2,0,1,1,2,2,2,1,2,1,0,1,1,2,2,2,2,2,1,1,1,2,2,1,2,1,2,1,2,2,1,2,1,0,2,2,2,2,2,2,1,2,1,0,1,2,1
208,0,1,2,1,2,2,2,1,1,1,2,1,2,2,2,2,1,1,1,1,1,2,2,2,1,1,2,1,2,1,0,1,1,2,1,2,0,1,1,1,1,1,1,2,1,0,0,2,1,2
209,2,2,1,2,1,1,1,2,0,0,1,2,1,1,1,1,0,2,2,0,2,1,1,1,2,0,1,0,1,2,2,2,2,1,2,1,2,0,0,2,2,2,2,1,0,0,0,1,2,1
210,1,1,2,1,0,2,2,1,2,2,2,1,2,0,2,2,2,1,1,0,1,2,0,2,1,0,2,2,2,1,1,1,1,2,1,2,1,0,2,1,1,1,1,0,0,2,2,2,1,2
211,2,0,1,2,2,1,1,2,1,1,1,0,1,2,1,1,1,2,2,2,0,1,0,1,2,2,1,1,1,2,0,2,0,1,2,1,0,2,1,2,0,2,2,2,0,1,1,1,2,1
212,1,2,0,1,1,2,2,1,0,2,2,2,2,1,2,0,2,1,1,1,2,2,2,2,1,1,2,2,2,1,2,1,2,2,1,2,2,1,2,1,2,1,1,1,2,0,0,2,1,2
213,2,1,2,2,0,1,1,0,2,1,1,1,1,2,1,2,1,0,2,2,1,1,1,1,2,2,1,1,1,2,1,2,1,1,2,1,1,2,1,2,1,2,2,2,1,0,2,1,2,1
214,1,2,1,1,2,2,2,2,1,2,2,0,0,1,2,1,0,2,1,1,2,2,0,2,1,1,0,2,2,1,0,1,2,2,1,0,0,1,0,1,2,1,1,1,2,2,1,0,1,2
215,0,1,2,2,1,1,1,1,0,1,1,2,0,2,1,2,2,1,2,0,1,1,0,1,2,2,2,1,1,2,2,2,1,1,2,2,2,2,2,2,1,2,2,2,1,1,2,2,2,1
216,0,2,1,1,2,2,2,2,2,2,2,1,0,1,2,1,1,2,1,2,2,0,2,2,1,1,1,2,2,1,1,1,2,2,1,1,1,1,1,1,2,1,1,1,2,0,1,1,1,2
217,2,1,2,2,1,1,1,1,1,1,1,2,2,2,1,2,2,1,2,1,1,2,1,1,2,2,2,1,1,2,0,0,1,1,0,2,0,2,2,2,1,2,2,2,1,2,2,2,0,1
218,1,2,1,1,0,2,2,2,0,2,2,1,1,1,2,1,1,2,1,0,0,1,2,2,1,1,1,0,2,1,0,0,2,2,2,1,2,1,1,1,2,1,1,1,0,1,1,1,2,2
219,2,1,0,2,2,1,1,1,2,1,1,0,2,2,1,0,2,1,0,0,2,2,1,1,2,2,2,2,1,2,2,2,1,1,1,2,1,2,2,2,1,2,2,2,0,2,2,2,1,1
220,1,2,2,1,1,2,0,2,1,2,2,2,1,1,2,0,1,2,2,2,1,1,2,2,1,1,1,1,2,1,1,1,2,2,2,1,0,1,1,1,0,1,1,1,2,1,1,1,2,2
221,2,1,1,2,2,1,2,1,0,1,1,1,2,2,1,2,2,1,1,1,2,0,1,1,2,0,2,2,1,2,0,2,1,1,1,2,2,2,2,2,2,2,2,0,1,2,2,2,1,1
222,1,0,2,1,1,2,1,0,2,2,2,2,1,1,2,1,1,2,0,0,1,2,0,2,1,2,1,1,0,1,0,1,2,2,0,1,1,1,1,1,1,1,1,2,0,1,1,1,2,2
223,2,2,1,0,0,1,0,2,1,1,1,1,2,0,1,2,0,1,2,2,2,1,2,1,2,1,2,2,2,2,2,2,1,1,2,2,0,2,2,2,2,2,2,1,2,2,2,2,1,1
224,1,1,2,2,2,2,2,1,0,2,2,2,1,2,2,1,2,2,1,1,1,2,1,2,1,2,1,1,1,1,1,1,2,2,1,1,0,1,1,1,1,1,1,2,1,1,1,1,0,0
225,2,2,1,1,1,1,1,2,0,1,1,1,2,1,1,2,1,1,2,0,0,1,2,1,2,1,2,2,2,2,0,2,1,1,2,2,2,2,0,2,2,2,2,1,2,2,2,2,2,2
226,1,1,2,0,2,2,2,1,2,2,2,2,1,0,2,1,0,0,1,2,0,2,1,0,1,2,1,1,1,1,2,1,0,2,1,1,1,1,0,1,1,1,1,2,1,1,1,1,1,1
227,2,0,1,2,1,1,1,2,1,1,1,1,2,2,1,0,0,2,0,1,2,1,2,2,2,1,0,2,2,2,1,2,2,1,0,2,0,2,2,2,2,0,2,1,2,2,0,2,2,2
228,1,2,2,1,0,2,2,1,0,2,2,2,1,1,0,0,0,1,2,2,1,2,1,1,1,2,2,1,1,1,0,1,1,2,2,1,2,1,1,1,1,2,1,2,1,1,2,1,1,1
229,2,1,1,0,0,1,1,0,2,1,1,1,2,0,2,0,2,2,1,1,0,1,2,2,0,1,1,2,2,2,2,0,2,1,1,0,1,2,2,2,2,1,2,1,2,2,1,2,0,0
230,1,2,0,2,2,2,2,2,1,2,2,2,1,0,1,2,1,1,0,2,2,2,1,1,2,2,2,1,1,1,1,2,1,0,2,2,0,1,1,1,1,0,1,2,1,1,0,1,2,2
231,2,1,0,1,1,1,1,1,0,1,1,1,2,2,0,1,2,2,2,1,1,1,2,2,1,1,1,2,2,2,0,1,2,2,1,1,2,2,2,0,2,2,2,1,2,2,2,2,1,1
232,1,2,0,2,2,2,2,2,2,2,2,0,1,1,2,2,1,1,1,2,0,0,1,1,0,2,2,1,1,1,2,2,1,1,0,2,1,1,1,2,1,1,1,2,1,1,1,1,2,2
233,2,1,2,1,1,1,1,1,1,1,1,2,0,2,1,1,2,2,2,1,2,2,2,2,0,1,1,2,0,2,1,1,2,2,0,1,0,2,2,1,0,2,2,1,2,2,2,2,1,1
234,1,2,1,0,2,2,2,2,0,2,2,1,2,1,2,0,1,1,1,2,1,1,1,1,2,0,0,1,2,1,0,0,1,1,2,2,2,1,1,2,2,1,1,2,1,1,1,1,2,2
235,2,1,2,2,1,1,1,1,2,1,1,0,1,0,1,2,2,0,2,1,2,2,2,2,1,2,2,2,1,2,2,2,2,2,1,1,1,2,0,1,1,2,2,1,2,2,2,2,1,1
236,1,2,1,1,2,2,2,2,1,0,0,2,0,2,2,1,1,2,1,2,1,1,1,1,0,1,1,1,2,1,1,1,1,1,2,2,0,1,2,2,2,1,1,0,1,1,1,1,2,2
237,2,1,2,2,1,1,1,1,0,2,2,1,2,1,1,2,2,1,0,1,2,2,0,2,2,0,2,2,1,2,0,2,2,0,1,1,2,2,1,1,1,2,0,2,2,2,2,2,1,1
238,1,0,1,1,2,2,0,2,0,1,1,2,1,0,2,1,1,0,2,2,1,1,0,1,1,2,1,1,2,1,0,1,1,2,0,2,1,1,2,2,0,1,2,1,1,1,1,1,2,2
239,2,0,2,0,1,1,2,1,2,2,2,1,2,2,1,2,2,2,1,1,2,2,2,2,2,1,2,2,1,0,2,0,0,1,0,1,0,0,1,1,2,2,1,2,2,2,2,2,1,1
240,1,2,1,2,2,2,1,2,1,1,1,2,1,1,2,1,1,1,2,0,1,1,1,1,1,2,1,1,2,2,1,2,2,2,0,2,2,2,2,2,1,1,2,1,1,1,1,1,0,2
241,0,1,2,1,1,1,2,1,0,2,0,1,2,2,1,2,2,0,1,2,0,2,0,2,2,1,2,2,1,1,0,1,1,1,2,1,1,1,1,1,2,2,1,2,2,2,2,0,0,1
242,2,2,1,2,0,2,1,2,2,1,2,2,1,1,2,1,1,2,2,1,2,1,2,1,1,2,1,1,2,2,0,2,2,2,1,2,0,2,2,0,1,1,2,1,1,1,1,2,2,2
243,1,1,2,1,0,1,0,1,1,2,1,1,2,0,1,2,2,1,1,0,1,2,1,2,2,1,2,2,1,1,0,1,1,1,2,1,0,1,1,2,2,2,1,2,0,2,2,1,1,1
244,2,2,1,2,2,0,2,0,0,1,2,2,1,2,2,1,1,2,2,2,2,1,2,1,1,2,1,1,2,0,2,2,2,0,1,2,2,2,2,1,1,1,2,1,2,1,1,0,2,2
245,1,1,0,1,1,2,1,2,2,2,1,1,2,1,1,0,0,1,1,1,1,2,1,0,2,1,0,2,1,2,1,1,1,2,2,1,1,1,1,2,2,0,1,2,1,2,2,2,1,1
246,0,2,0,2,2,1,2,1,1,1,2,0,1,2,2,2,2,0,2,2,2,1,2,2,1,2,0,1,2,1,0,2,2,1,1,2,0,0,2,1,1,2,0,1,2,1,1,1,0,2
247,2,1,2,1,1,2,1,0,0,2,1,2,2,1,1,1,1,2,1,1,1,2,1,1,2,1,2,2,1,2,2,1,1,2,2,1,2,2,1,2,2,1,2,2,1,2,2,0,2,1
248,1,2,1,2,2,1,2,2,2,1,2,1,1,2,2,0,2,1,2,2,2,1,2,2,1,2,1,1,2,1,1,2,0,1,1,2,1,1,2,1,1,2,1,1,2,1,1,0,1,2
249,0,1,2,1,1,2,1,1,1,2,1,2,2,1,1,2,1,2,1,1,1,2,1,1,2,1,2,2,1,2,0,1,0,0,0,1,0,2,1,2,2,1,2,0,1,2,2,2,2,1
250,2,0,1,2,2,1,2,2,0,1,2,1,1,2,0,1,2,1,0,2,2,1,0,2,1,0,1,1,0,1,2,2,2,2,0,2,2,1,2,1,1,2,1,2,2,1,1,1,1,0
251,1,0,2,1,1,2,1,1,2,2,1,0,0,1,0,2,1,0,0,1,1,2,0,1,2,2,2,2,0,2,1,1,1,1,2,1,1,0,1,0,2,1,2,1,1,2,2,2,0,2
252,2,2,1,2,2,1,2,2,1,1,2,2,2,2,2,1,2,2,2,2,2,1,2,2,1,1,1,1,2,1,0,2,2,2,1,0,0,2,2,2,1,2,1,2,2,1,1,1,2,1
253,1,1,0,1,1,2,1,1,0,0,1,1,1,1,1,2,1,1,1,1,1,2,1,1,2,2,0,2,1,2,2,1,1,1,2,2,2,1,1,1,2,1,2,1,1,2,2,2,1,2
254,0,0,2,0,2,1,2,0,2,2,2,2,2,0,2,1,2,2,2,0,2,1,2,2,1,1,2,1,0,1,1,2,2,0,1,1,1,0,0,2,1,2,1,2,2,1,1,1,2,1
255,2,2,1,2,1,2,1,2,1,1,1,1,1,2,1,2,1,1,1,0,1,2,1,1,2,2,1,2,2,0,0,1,1,0,2,2,0,2,2,1,2,1,2,1,1,2,2,2,1,2
256,1,1,2,1,2,1,2,1,0,2,2,2,2,1,2,1,2,0,2,2,2,1,2,2,1,1,2,1,1,2,2,2,0,2,1,1,2,1,1,2,1,0,1,2,2,1,1,1,2,1
257,2,0,1,2,1,2,1,2,2,1,1,1,1,0,1,2,1,0,1,1,1,2,1,1,2,2,1,2,2,1,1,1,2,1,2,0,1,2,0,1,0,0,2,1,1,2,2,2,1,0
258,1,2,2,1,2,1,2,1,1,2,0,2,0,2,2,1,2,2,2,2,2,1,2,0,1,1,2,1,1,2,0,2,1,2,1,0,0,1,2,2,2,2,1,0,2,1,1,1,2,0
259,2,1,1,2,1,2,1,2,0,1,2,1,2,1,1,2,1,1,1,1,1,2,1,2,2,2,1,2,2,1,2,1,2,1,0,2,2,0,1,1,1,1,0,0,1,2,2,2,1,2
260,1,2,2,1,0,1,2,1,0,2,1,2,1,2,2,1,2,2,2,2,2,1,2,1,1,1,2,1,1,2,1,0,1,0,2,1,1,2,2,2,2,2,2,2,2,1,1,1,0,1
261,0,1,1,2,2,2,1,2,2,1,2,1,2,1,1,2,1,1,1,1,1,2,1,2,2,2,1,2,2,1,0,2,2,2,1,2,0,1,1,1,1,1,1,1,1,2,2,2,2,0
262,2,2,2,1,1,1,2,1,1,2,1,2,1,2,0,1,2,2,2,2,0,1,2,1,1,1,2,1,1,2,2,1,1,1,2,1,2,2,2,2,2,0,2,2,2,1,1,1,1,2
263,1,1,1,2,2,0,1,2,0,1,2,1,2,1,2,2,1,1,1,1,2,2,1,2,2,0,1,0,2,1,1,0,0,0,1,2,1,1,1,1,1,2,1,1,1,2,0,2,2,1
264,2,2,0,1,1,2,2,1,2,0,1,0,1,2,1,1,2,0,2,2,1,1,0,1,1,2,2,0,1,2,0,2,2,2,2,1,0,2,2,2,2,1,2,2,2,1,2,1,1,2
265,1,1,0,2,2,1,1,2,1,0,2,2,0,1,2,2,1,2,1,1,2,2,2,2,2,1,1,2,2,1,2,1,1,1,1,2,2,1,1,1,1,2,1,1,1,2,1,2,2,1
266,2,2,0,1,1,0,2,1,0,2,1,1,2,2,1,1,2,1,0,2,1,1,1,1,1,2,0,1,1,0,1,2,2,2,2,1,1,2,2,0,2,1,2,2,2,1,2,1,1,2
267,1,1,0,2,2,2,1,0,2,1,2,2,1,1,2,0,1,2,2,1,0,0,0,2,2,1,0,2,2,2,0,1,1,1,1,2,0,1,1,0,1,2,1,1,1,2,1,2,2,1
268,2,2,2,1,1,1,2,2,1,2,1,1,2,2,1,2,0,1,1,2,0,2,2,1,1,2,0,1,1,1,0,2,2,2,2,1,2,2,2,2,2,1,2,2,2,1,2,1,1,0
269,1,1,1,2,2,2,1,1,0,1,2,2,1,1,2,1,2,2,2,1,0,1,1,2,2,1,2,2,2,2,2,1,1,1,1,0,1,1,1,1,1,2,1,1,1,2,1,0,2,2
270,2,2,2,1,1,1,0,2,2,2,1,1,2,2,1,0,1,1,1,2,2,2,2,1,1,2,1,1,1,1,1,2,2,2,2,0,0,0,2,2,2,1,2,2,0,1,2,2,1,1
271,1,1,1,2,2,2,2,1,1,1,2,2,1,1,0,0,0,0,2,1,1,1,1,2,2,1,0,2,0,0,0,1,1,1,1,2,2,2,1,1,1,2,1,1,2,2,1,1,2,0
272,2,0,0,1,1,1,1,2,0,2,1,1,2,2,2,2,2,0,1,2,2,2,2,1,1,2,0,1,2,0,2,2,2,2,2,1,1,1,0,0,2,1,2,0,1,1,2,2,1,0
273,1,2,2,2,2,2,2,1,0,1,0,2,1,1,1,1,1,2,2,1,1,1,1,2,2,1,2,2,1,2,1,1,1,1,1,0,0,2,2,0,1,2,1,2,2,2,1,1,2,2
274,2,1,1,1,1,1,1,2,2,2,2,1,2,0,2,2,2,1,1,2,2,2,2,1,1,2,1,1,2,1,0,2,2,2,2,2,2,1,1,2,2,1,2,1,1,1,2,0,1,1
275,1,2,2,2,2,2,0,1,1,1,1,2,1,2,1,1,1,2,2,1,1,1,1,2,2,1,2,0,1,2,2,1,1,1,1,1,1,2,2,1,1,2,1,2,0,2,1,2,2,2
276,2,1,1,1,1,1,2,2,0,2,2,1,2,1,2,2,2,1,1,2,2,2,2,1,1,2,1,0,0,1,1,2,0,2,2,2,0,1,1,2,2,1,2,1,2,1,2,1,1,1
277,1,2,2,2,2,2,1,1,2,1,1,2,1,2,1,1,1,2,2,1,1,1,1,2,2,1,2,2,2,2,0,1,2,1,1,1,0,2,2,1,1,2,1,2,1,2,1,0,2,2
278,2,1,1,1,1,1,2,2,1,2,2,1,2,1,2,0,2,1,1,2,0,2,2,1,1,0,1,1,1,1,2,2,1,2,2,2,2,1,1,2,0,1,2,1,0,1,2,2,1,1
279,1,0,2,2,2,2,1,1,0,1,1,0,1,2,1,2,1,2,2,1,2,1,1,2,2,2,2,2,2,2,1,1,2,1,1,1,1,2,2,1,2,2,1,2,2,2,1,1,2,2
280,2,2,1,1,1,1,2,2,2,2,0,2,2,1,2,1,2,1,1,2,1,2,0,1,1,1,1,1,1,1,0,0,1,2,2,2,0,1,1,0,1,1,2,1,1,1,2,2,1,1
281,1,1,2,2,0,2,1,1,1,1,2,1,1,2,1,2,1,0,2,1,0,1,0,2,2,2,2,2,2,2,2,2,2,1,1,1,2,2,2,2,2,2,1,2,2,2,1,1,0,2
282,0,2,1,1,0,1,2,2,0,2,1,2,2,1,2,1,0,2,1,2,0,2,2,1,1,1,1,1,1,1,1,1,1,2,2,2,1,1,1,1,1,1,2,1,1,1,2,0,2,1
283,2,1,2,2,2,2,1,1,2,1,0,1,1,2,1,2,0,1,2,1,2,1,1,2,0,2,2,2,0,2,0,2,2,1,1,1,0,2,2,2,2,2,1,2,2,2,1,2,1,2
284,1,2,1,1,1,1,2,2,1,0,2,2,2,1,0,1,2,2,1,2,1,2,2,1,2,1,1,1,2,1,2,1,1,2,2,2,2,1,1,1,1,1,0,1,1,1,2,1,2,1
285,2,1,2,2,2,2,1,1,0,2,1,1,1,2,2,2,1,1,2,1,2,1,1,2,1,2,2,2,1,2,1,2,2,1,1,1,1,0,0,2,2,2,2,2,2,2,1,2,1,2
286,1,2,1,1,1,1,0,2,2,1,2,2,2,1,1,1,2,0,1,0,1,0,2,1,2,1,1,1,2,1,0,1,1,0,0,2,0,2,2,1,1,1,1,1,1,1,2,1,0,1
287,2,1,2,2,2,2,2,1,1,2,1,1,1,2,0,0,1,2,2,2,2,2,1,2,1,2,2,2,1,0,0,2,2,2,0,1,2,1,1,2,2,2,2,2,2,2,1,2,2,2
288,1,2,1,1,1,1,1,2,0,1,2,2,2,1,2,2,2,1,1,1,1,1,2,1,2,1,1,1,2,2,0,1,1,1,2,2,1,2,2,1,1,1,1,1,1,1,2,1,1,1
289,2,1,0,2,2,0,2,1,2,0,1,1,1,2,1,1,1,2,0,2,0,2,1,2,1,2,2,2,1,1,2,2,0,0,1,1,0,1,1,2,2,2,2,2,2,2,1,0,2,0
290,1,2,2,1,1,2,1,2,1,2,2,2,2,1,2,2,2,1,2,1,2,1,2,1,2,1,1,1,2,0,1,1,0,0,2,2,2,0,2,1,1,1,1,1,1,1,2,2,1,2
291,2,1,1,2,2,1,2,1,0,1,1,1,1,2,1,1,1,2,1,2,1,2,1,2,1,2,2,0,1,2,0,0,2,2,1,1,1,0,1,2,2,0,2,0,2,2,1,1,2,1
292,1,2,2,1,1,2,1,2,2,0,2,2,2,1,2,2,2,1,2,1,0,1,2,1,2,1,1,2,2,1,2,0,1,1,2,2,0,2,2,1,1,2,1,2,1,1,2,2,1,0
293,2,1,1,2,0,1,2,1,1,0,1,1,1,2,1,1,1,2,1,2,2,0,1,2,1,2,2,1,1,2,1,0,0,2,1,1,2,1,1,0,0,1,2,1,2,2,1,1,2,2
294,1,2,2,1,2,2,1,2,0,2,2,2,0,1,2,0,0,1,2,1,1,2,2,1,2,1,1,0,2,1,0,0,2,1,2,2,1,2,0,2,2,2,1,2,1,1,2,0,1,1
295,2,1,1,0,1,1,2,1,2,1,1,1,2,2,1,2,2,0,1,2,2,1,1,0,1,2,0,2,1,2,2,2,1,2,1,1,0,1,2,1,1,1,2,1,2,2,1,2,0,2
296,1,2,2,2,2,2,1,2,1,2,0,2,1,1,2,1,1,2,2,1,1,2,2,2,2,1,2,1,2,1,1,1,2,1,2,2,2,2,1,2,2,0,1,2,1,1,2,1,2,1
297,2,1,1,1,1,1,2,1,0,1,0,1,2,0,1,2,2,1,1,2,2,1,1,1,1,0,1,2,1,2,0,2,1,2,1,1,1,1,2,1,1,2,2,1,2,2,1,2,1,2
298,1,0,2,2,2,2,1,2,2,2,2,0,1,2,2,1,1,0,2,1,1,2,2,0,2,2,0,1,2,1,2,1,2,1,2,2,0,2,1,2,0,1,1,2,1,1,2,1,2,1
299,2,2,1,1,1,1,0,1,1,1,1,2,0,1,1,2,2,2,1,2,2,1,1,2,1,1,2,2,1,0,1,2,1,2,1,1,2,1,2,1,0,2,0,1,2,2,1,2,1,0
300,1,1,2,2,2,2,2,2,0,2,2,1,0,2,2,1,1,1,2,1,1,2,2,1,2,2,1,1,2,2,0,1,2,1,2,2,1,2,1,2,2,1,0,2,1,1,0,1,2,2
301,0,2,1,1,1,1,1,1,2,1,1,2,2,1,1,2,0,2,1,2,2,1,1,2,1,1,2,2,1,1,2,2,1,2,1,1,0,1,2,1,1,0,2,1,2,2,2,2,1,1
302,2,1,2,0,0,2,2,0,1,2,0,1,1,2,2,1,2,1,2,1,1,2,2,1,2,0,1,1,2,2,1,1,2,1,2,2,2,2,1,2,0,2,1,2,1,1,1,1,2,0
303,1,2,1,2,2,1,1,2,0,1,2,2,2,1,1,2,1,2,1,2,2,1,1,0,1,2,2,2,1,1,0,2,1,2,1,1,1,1,2,1,0,1,2,1,2,0,0,2,1,2
304,2,1,0,1,1,2,2,1,2,2,1,1,1,2,2,1,2,1,2,1,1,2,2,2,2,1,1,1,2,2,2,1,2,1,2,2,0,2,1,2,2,2,1,0,1,2,2,1,2,1
305,1,2,2,2,2,1,1,0,1,1,2,0,2,1,1,2,1,2,1,0,2,1,1,1,1,2,2,2,1,1,1,2,1,2,1,1,2,1,2,1,1,1,2,2,2,1,1,2,1,2
306,2,1,1,1,1,2,2,2,0,2,1,2,1,2,2,1,2,1,2,2,1,2,2,2,2,1,1,1,2,0,0,1,2,1,2,2,1,2,1,2,0,2,1,1,1,0,2,1,0,1
307,1,2,2,2,2,1,1,1,0,1,2,1,0,1,1,2,1,0,1,1,2,1,1,1,1,2,2,2,1,2,2,2,1,0,1,1,0,1,2,1,2,1,2,2,2,2,1,0,2,0
308,2,1,1,1,1,2,0,0,2,0,1,2,2,0,2,1,2,2,2,0,1,2,2,2,2,1,1,1,2,1,1,1,2,0,2,2,2,2,1,2,1,2,1,1,1,1,2,0,1,2
309,1,2,2,2,2,1,2,2,1,2,0,1,1,2,1,2,1,1,1,0,2,1,1,1,1,2,2,2,1,2,0,2,1,2,1,1,1,1,0,1,0,1,2,0,2,2,1,2,2,1
310,2,1,1,1,1,2,1,1,0,1,0,0,2,1,2,1,2,2,2,2,1,2,2,2,2,1,1,1,2,1,2,1,2,1,2,2,0,0,2,2,2,0,1,2,1,1,2,1,1,2
311,1,2,2,0,0,1,2,0,2,2,2,2,1,2,1,0,1,1,1,1,2,1,1,1,1,2,2,2,1,0,1,0,1,2,1,1,0,0,1,1,1,0,2,1,0,0,1,2,0,1
312,2,1,1,2,2,2,1,2,1,1,1,1,2,1,0,0,0,2,2,2,1,2,2,2,2,1,1,1,0,2,0,2,2,1,2,2,2,2,2,2,2,2,1,2,2,2,2,1,0,2
313,1,2,0,1,1,1,2,1,0,2,2,0,1,2,2,0,2,1,1,1,2,1,1,1,1,0,2,2,2,1,2,1,1,2,1,1,1,1,1,1,1,1,2,1,1,1,1,2,0,1
314,2,1,2,0,2,2,1,0,0,1,1,2,2,1,1,0,1,2,2,2,1,2,2,2,0,2,1,1,1,2,1,2,2,1,2,2,0,2,2,0,2,2,1,2,0,0,2,1,2,2
315,1,2,1,2,1,1,2,2,2,0,2,1,1,2,2,2,2,1,1,1,0,1,1,1,2,1,2,2,2,1,0,1,1,0,1,1,0,1,1,2,1,1,2,1,2,2,1,2,1,1
316,2,1,2,1,2,2,1,1,1,0,1,2,2,1,1,1,1,0,2,2,2,2,2,2,1,2,1,1,1,2,2,2,2,2,2,2,2,2,2,1,2,0,1,2,1,1,2,1,2,0
317,1,2,1,2,1,1,2,2,0,2,2,1,1,2,2,2,2,2,1,1,1,1,1,1,2,1,2,2,2,1,1,1,1,1,1,1,1,1,1,2,1,2,2,1,2,2,1,2,1,0
318,0,1,2,1,0,2,1,1,0,1,1,2,2,1,1,1,1,1,2,2,2,2,0,2,1,2,1,1,1,2,0,0,2,2,2,2,0,2,2,1,2,1,1,2,1,1,2,1,2,2
319,0,2,1,0,2,1,2,2,2,2,2,1,1,2,2,2,2,2,1,1,1,1,2,1,2,1,2,0,2,1,0,2,1,1,1,1,2,1,1,2,1,0,2,1,2,2,1,0,1,1
320,2,1,2,2,1,2,1,1,1,1,1,2,2,1,1,1,1,1,2,2,2,0,1,2,1,2,1,2,1,0,2,1,2,2,2,2,1,2,2,1,2,2,1,0,1,1,0,0,2,2
321,1,2,1,1,2,1,2,2,0,0,2,1,1,2,2,2,2,2,1,1,1,2,0,1,2,1,2,1,2,2,1,2,1,1,1,1,0,1,1,2,1,1,2,2,2,2,2,2,1,1
322,0,1,2,2,1,2,1,1,2,2,1,0,2,1,1,1,1,1,0,0,2,1,2,2,1,2,1,2,1,1,0,1,2,2,2,2,2,2,0,1,0,2,1,1,1,1,1,1,2,2
323,2,2,1,1,2,1,2,0,1,1,2,2,1,2,2,2,2,2,2,2,1,0,1,1,2,1,2,1,0,2,0,2,1,1,1,1,1,1,2,2,2,1,2,2,2,2,2,0,1,1
324,1,1,2,2,1,2,1,2,0,2,1,1,0,1,1,1,1,1,1,1,2,2,0,2,1,0,1,0,2,1,2,1,2,2,2,2,0,0,1,1,1,2,1,1,1,1,1,2,2,0
325,2,0,1,1,2,1,2,1,2,1,2,2,2,2,2,2,2,2,2,2,1,1,0,1,0,2,2,0,1,0,1,0,1,1,1,1,2,2,0,2,2,1,0,0,2,2,2,1,1,2
326,1,0,2,0,1,2,1,0,1,2,1,1,1,1,1,1,1,1,1,1,2,2,2,2,2,1,1,2,2,2,0,2,2,2,0,2,1,1,2,1,1,2,2,2,1,1,1,2,2,1
327,2,0,1,2,2,1,2,2,0,1,2,2,2,2,2,2,2,2,2,2,1,1,1,1,1,2,2,1,1,1,2,1,1,1,2,1,0,2,1,2,2,1,1,1,0,0,2,1,1,2
328,1,2,2,1,1,2,1,1,0,2,1,1,1,1,1,1,1,1,1,1,2,2,2,2,0,1,1,0,2,2,1,2,0,2,1,0,2,1,2,1,1,2,2,2,2,0,1,0,2,1
329,2,1,1,2,2,1,2,2,2,1,0,2,2,2,2,2,0,2,0,2,1,1,1,1,0,2,0,2,1,1,0,1,0,1,2,2,1,0,1,2,2,1,1,1,1,2,2,0,1,2
330,1,2,2,1,1,2,1,1,1,2,0,1,1,1,1,1,0,1,0,1,2,0,0,2,2,1,0,1,0,2,2,2,2,2,1,1,0,0,2,1,1,0,2,0,2,1,1,0,2,1
331,2,1,1,2,2,1,0,2,0,1,2,0,2,2,2,2,2,2,0,2,1,2,2,1,1,2,2,2,2,1,1,1,1,1,2,2,2,2,1,2,0,2,1,0,1,2,2,2,1,0
332,1,2,2,1,1,2,2,1,2,0,1,0,1,1,1,1,1,1,0,1,2,1,1,2,2,1,1,1,1,2,0,2,2,2,1,1,1,1,2,1,2,1,2,2,0,1,1,1,0,2
333,2,1,1,2,0,1,1,2,1,2,0,0,0,2,0,2,2,0,2,2,1,2,2,1,1,2,2,2,2,1,2,1,1,1,2,2,0,2,1,2,1,2,1,1,2,2,0,2,0,1
334,1,2,2,1,2,2,2,1,0,1,2,0,2,1,2,1,1,2,1,1,2,1,1,2,2,1,1,1,1,0,1,2,2,2,1,1,2,1,2,1,2,1,0,2,1,1,0,1,2,2
335,2,1,1,0,1,1,1,2,0,2,1,0,1,2,1,0,2,1,0,0,1,2,0,1,1,2,2,2,2,2,0,1,1,1,2,2,1,0,1,2,1,2,2,1,2,2,0,2,1,1
336,1,2,0,2,2,2,2,1,2,1,2,2,0,1,0,2,1,2,2,2,2,1,2,2,2,1,1,1,1,1,2,2,2,2,1,1,0,0,0,1,2,1,1,2,1,1,0,1,2,2
337,2,1,2,1,1,1,1,2,1,2,1,1,2,0,2,1,2,1,1,1,1,0,1,1,1,2,2,0,0,2,1,1,1,1,2,0,2,2,0,2,1,2,2,1,2,2,2,2,1,1
338,1,2,1,2,0,2,2,1,0,1,2,2,1,0,1,2,1,0,2,2,2,2,0,0,0,1,1,2,0,1,0,0,2,2,1,2,1,1,2,1,2,1,1,2,1,1,1,1,0,2
339,2,1,2,1,2,1,1,2,2,0,1,1,2,2,0,1,0,2,1,1,1,1,2,2,0,2,2,1,2,2,2,2,1,1,2,1,0,0,1,2,1,0,2,1,2,0,2,0,2,1
340,1,2,1,0,1,0,2,1,1,2,0,2,1,1,0,2,0,1,2,2,0,2,1,1,2,1,1,0,1,1,1,1,2,2,1,2,2,2,2,1,0,2,1,0,1,2,1,2,1,2
341,2,1,2,2,2,2,1,0,0,1,2,1,2,2,2,1,2,2,1,1,2,1,2,2,1,0,2,2,2,2,0,2,1,1,0,1,1,1,1,2,2,1,2,2,2,1,2,1,2,1
342,1,2,1,1,1,1,2,2,2,2,1,2,1,1,1,2,1,1,2,2,1,2,1,1,2,2,1,1,1,1,0,1,2,0,0,2,0,2,2,1,1,2,1,1,1,2,1,0,1,2
343,2,1,2,2,2,2,1,1,1,1,2,1,2,2,2,1,2,2,1,1,2,1,2,2,1,1,0,2,2,2,2,2,1,2,2,1,2,1,1,2,2,1,2,2,2,1,2,0,2,1
344,1,2,1,1,1,1,2,0,0,0,1,2,1,1,1,2,1,1,2,0,1,2,1,1,2,2,2,1,1,1,1,1,0,1,1,2,1,2,2,1,1,2,1,1,1,2,1,2,1,2
345,2,1,2,2,0,0,1,2,2,0,2,1,2,2,2,1,2,2,1,2,2,1,2,2,1,1,1,0,2,2,0,2,0,0,2,1,0,1,1,2,2,1,2,2,0,1,2,1,2,1
346,1,2,1,1,2,2,2,1,1,2,1,0,1,1,1,2,1,1,2,1,1,0,1,1,0,2,2,2,1,1,2,1,2,2,1,2,2,2,2,1,1,2,1,1,2,2,1,2,1,2
347,2,1,2,0,1,1,1,2,0,1,2,2,2,2,2,1,2,0,1,2,2,2,2,2,2,1,1,1,0,2,1,2,1,1,2,1,1,1,1,0,0,1,0,2,1,1,0,1,2,1
348,1,2,1,2,2,2,0,1,2,2,1,1,1,1,1,2,1,0,2,1,1,1,1,1,1,2,2,2,0,1,0,1,0,2,1,2,0,2,2,0,2,2,0,1,2,2,2,2,1,2
349,2,1,2,1,1,1,2,2,1,1,2,2,0,2,2,1,2,2,1,0,0,2,0,2,0,1,1,1,2,2,2,2,2,1,2,1,2,1,1,2,1,1,2,2,1,1,1,1,2,1
350,1,2,1,2,2,2,1,1,0,2,1,1,2,1,1,2,1,1,2,2,2,1,2,1,2,2,0,2,1,1,1,1,1,2,1,2,1,2,0,1,2,2,1,1,2,2,2,0,1,2
351,0,1,0,1,1,1,2,2,2,1,2,2,1,0,2,1,0,2,1,1,1,0,1,2,1,1,2,1,0,0,0,0,2,1,0,1,0,1,2,2,1,1,0,2,1,1,1,2,2,1
352,0,2,2,0,2,2,1,1,1,2,1,1,2,2,1,2,2,1,0,2,2,2,2,1,2,2,1,0,0,2,2,2,1,2,0,2,2,2,1,1,2,2,2,1,2,2,2,1,1,0
353,2,1,1,2,1,1,2,2,0,1,2,2,1,1,2,1,1,2,2,1,1,1,1,2,1,1,2,0,2,1,1,1,0,1,2,1,1,1,0,2,1,1,1,2,1,1,1,0,2,2
354,1,2,2,1,2,2,1,1,0,2,1,1,2,2,1,2,2,1,1,2,2,2,2,1,2,2,1,0,1,2,0,2,2,2,1,2,0,2,2,1,2,2,2,1,2,2,2,2,1,1
355,2,1,1,2,1,1,0,2,2,1,2,2,1,1,0,1,1,2,2,1,1,1,1,2,1,1,2,2,2,1,2,1,1,1,2,1,0,1,1,2,1,1,1,2,1,1,1,1,2,2
356,1,2,2,1,2,0,2,1,1,2,1,1,2,2,2,2,0,1,1,2,2,0,2,1,2,2,1,1,1,0,1,2,0,0,1,2,2,0,2,1,2,2,0,1,2,2,2,2,1,1
357,2,1,1,2,1,0,1,2,0,1,2,2,1,1,1,1,2,2,0,1,1,0,1,0,1,1,0,2,2,2,0,1,0,2,2,1,1,2,1,0,1,1,2,2,1,1,1,1,2,2
358,1,2,0,1,2,0,2,1,2,2,1,1,2,0,0,2,1,1,2,2,2,2,2,2,2,2,2,1,1,1,2,2,0,1,1,2,0,1,2,0,2,2,1,1,2,0,2,2,1,1
359,2,1,2,2,1,0,1,0,1,1,2,0,1,2,2,1,2,2,1,1,1,1,1,1,1,1,1,0,2,2,1,1,0,0,0,1,2,2,1,2,1,1,2,2,1,2,1,1,0,2
360,1,2,1,1,0,2,2,2,0,0,1,2,2,1,1,2,1,1,2,2,2,2,2,2,2,2,2,0,1,1,0,2,2,2,0,2,1,1,2,1,2,0,1,1,0,1,2,2,2,1
361,2,1,2,2,2,1,1,1,2,0,2,1,1,2,2,1,2,2,1,1,1,1,1,1,1,1,1,2,2,0,2,1,1,1,2,1,0,2,1,2,1,2,2,2,2,2,1,1,1,2
362,1,2,1,1,1,2,2,2,1,2,1,2,2,1,1,0,1,1,2,0,2,2,0,2,0,2,0,1,1,0,1,2,2,2,1,2,2,1,2,1,2,1,1,1,1,1,2,2,2,1
363,0,1,0,0,2,1,1,1,0,1,2,1,1,2,2,2,2,0,1,0,1,1,2,1,2,1,2,2,2,2,0,1,1,1,2,1,1,0,1,2,1,2,2,2,2,0,1,1,1,2
364,2,0,2,2,1,2,2,2,0,2,1,0,2,1,1,1,1,2,2,2,0,2,1,2,1,0,1,1,1,1,0,2,2,2,1,0,0,2,2,1,2,1,1,1,1,2,2,2,2,1
365,1,0,1,1,2,1,1,1,0,1,2,2,1,2,2,2,2,1,1,1,2,1,2,1,0,2,2,2,2,2,2,1,1,1,2,0,2,1,1,2,1,2,2,2,2,1,1,1,1,2
366,2,2,2,0,1,2,2,2,0,0,1,1,2,1,1,1,1,2,2,0,1,2,1,2,2,1,1,1,1,1,1,2,2,2,1,0,1,2,2,1,2,1,1,1,1,2,0,0,0,1
367,1,1,1,2,2,1,1,1,2,2,2,2,1,2,2,0,2,1,1,2,2,1,2,1,1,0,2,2,0,2,0,1,1,1,2,2,0,1,1,2,1,2,2,2,2,1,0,2,2,2
368,2,2,0,1,1,2,2,2,1,1,1,1,2,1,1,0,1,2,2,1,1,2,1,2,2,0,1,1,2,1,2,0,2,2,1,1,0,0,2,1,0,1,1,1,1,2,2,1,1,1
369,1,1,0,2,0,1,1,1,0,2,2,2,1,0,2,0,0,1,1,2,2,1,2,1,1,2,2,2,1,0,1,2,1,1,0,2,2,0,1,2,0,2,2,0,2,1,1,0,2,2
370,2,0,0,1,2,2,2,2,2,1,1,1,0,2,1,2,0,2,0,1,1,2,1,2,2,1,1,1,2,2,0,1,2,2,2,1,1,2,2,1,2,1,1,2,1,2,2,0,1,1
371,1,2,2,0,1,1,1,1,1,0,2,2,0,1,2,1,2,1,2,2,2,1,0,1,1,0,2,2,1,1,2,2,1,1,1,2,0,1,1,2,1,2,0,1,2,1,1,2,2,2
372,2,1,1,2,2,0,2,0,0,2,1,1,2,2,1,2,1,2,1,1,1,0,2,0,2,2,1,1,2,2,1,1,2,2,2,1,2,2,2,1,2,1,2,2,1,2,2,1,1,1
373,1,2,2,1,1,2,1,2,0,1,2,2,1,1,0,1,0,1,2,2,2,0,1,2,1,1,2,2,1,1,0,2,1,1,1,2,1,1,1,2,1,0,1,1,2,1,1,2,2,0
374,2,1,1,2,2,1,0,1,2,2,1,1,0,2,2,2,2,2,1,1,1,2,0,1,2,0,1,1,0,2,2,1,2,2,0,1,0,0,2,1,2,2,2,0,1,0,2,1,1,0
375,1,0,2,1,1,2,2,0,1,1,0,2,0,1,1,1,1,1,2,2,0,1,2,2,1,2,2,2,2,1,1,2,1,1,2,0,2,2,1,2,1,1,1,2,2,2,1,2,0,2
376,2,2,1,2,2,1,1,2,0,2,2,1,2,0,0,2,2,2,1,1,0,2,1,1,2,1,1,1,1,2,0,1,2,2,1,2,1,1,2,1,2,2,2,1,1,1,2,1,2,1
377,1,1,2,1,1,2,0,1,0,1,1,2,1,2,2,1,1,1,2,2,2,1,2,0,1,2,2,2,0,1,2,2,1,1,2,1,0,2,1,0,1,1,1,2,0,2,1,0,1,2
378,2,2,1,0,2,1,2,2,2,0,2,1,2,1,1,2,2,2,1,1,1,2,1,2,0,1,1,1,0,2,1,1,0,2,1,2,2,1,2,0,0,2,0,1,2,1,2,0,2,1
379,1,1,0,2,1,2,1,1,1,2,1,2,1,2,2,1,1,1,2,0,2,1,2,1,2,2,2,2,2,1,0,2,2,1,2,1,1,2,1,2,0,1,2,2,1,2,1,0,1,2
380,0,2,0,1,2,1,2,2,0,1,2,1,2,1,1,0,2,2,1,2,1,2,1,2,1,1,1,1,1,0,0,1,1,2,1,2,0,1,0,1,2,2,1,1,2,1,2,2,2,1
381,2,1,2,2,1,2,1,1,2,2,1,0,1,2,2,2,1,1,0,1,2,1,2,1,2,2,2,2,2,2,2,2,2,1,0,1,2,2,2,2,1,1,2,2,1,2,1,1,1,2
382,1,2,1,1,2,1,2,2,1,1,2,2,2,1,1,1,0,0,2,0,1,2,1,2,1,1,1,1,1,1,1,1,1,2,2,2,1,1,1,1,0,0,1,1,0,1,0,2,2,1
383,2,1,2,2,1,2,1,1,0,0,1,1,1,2,2,2,2,2,1,2,2,1,2,1,0,2,0,2,2,2,0,2,2,1,1,1,0,0,2,2,0,0,2,2,0,2,2,1,1,0
384,1,2,1,1,0,1,2,2,2,2,2,2,2,1,1,1,1,1,2,1,1,2,1,2,2,1,2,1,1,1,2,1,1,0,2,0,2,0,1,1,0,2,1,1,0,1,1,2,2,2
385,2,1,2,2,2,0,1,1,1,1,1,1,1,2,2,2,2,2,1,2,2,1,2,1,1,2,1,2,0,2,1,2,2,2,1,0,1,2,2,2,0,1,2,2,2,2,2,1,1,1
386,1,2,1,1,1,0,2,0,0,2,2,2,2,1,1,1,1,1,2,1,1,2,1,2,2,1,2,1,2,1,0,1,1,1,0,0,0,1,1,1,2,2,1,1,1,1,1,2,0,2
387,2,1,2,2,0,2,1,2,2,1,1,1,1,2,2,2,2,0,1,2,2,1,0,1,1,0,1,2,1,2,2,2,2,2,2,0,2,2,2,2,1,1,2,2,2,0,0,1,2,1
388,1,2,1,1,2,1,2,1,1,2,2,2,2,1,1,1,1,0,2,1,1,2,2,0,2,0,2,1,0,1,1,1,1,1,1,0,1,1,1,1,2,2,1,1,1,0,0,2,1,0
389,0,1,2,2,1,2,1,2,0,1,1,1,1,2,2,2,2,0,1,2,0,1,1,0,1,2,1,2,2,2,0,2,0,2,0,0,0,2,0,2,1,1,2,2,2,2,0,1,2,2
390,0,2,1,1,2,1,0,1,2,2,0,2,2,1,1,1,1,2,2,1,0,0,2,2,2,1,2,1,1,1,2,1,2,1,2,2,2,1,0,1,2,2,1,1,1,1,2,2,1,1
391,2,1,0,2,1,2,2,2,1,1,2,1,1,0,2,0,0,1,1,2,2,2,1,1,1,2,1,2,0,0,1,0,1,2,1,1,1,2,2,2,1,1,0,0,2,2,1,1,2,0
392,1,2,2,1,2,1,1,1,0,2,1,2,2,2,1,2,2,2,2,1,1,1,2,2,2,1,0,1,2,0,0,2,2,1,2,2,0,1,1,1,0,2,2,2,1,1,2,2,1,2
393,2,1,1,2,1,2,2,2,2,1,2,1,1,1,2,1,1,1,1,2,0,2,1,1,1,2,2,2,1,2,2,1,1,2,1,1,2,2,0,2,0,1,1,1,2,2,1,1,2,1
394,1,2,2,1,0,1,1,1,1,2,1,2,0,2,1,2,2,2,2,1,2,1,2,2,2,1,1,1,2,1,1,2,2,1,2,2,1,1,2,1,2,2,2,2,1,1,2,2,1,2
395,2,1,1,2,2,2,0,2,0,1,2,1,2,1,2,1,1,1,1,2,1,2,1,1,1,2,2,0,1,0,0,1,1,2,1,1,0,2,1,2,1,1,1,1,2,2,1,1,2,1
396,1,2,2,1,1,1,2,1,2,0,1,2,1,2,1,0,2,2,2,1,2,1,2,2,0,1,1,2,2,2,2,2,2,1,0,2,2,1,2,1,2,2,2,2,1,1,2,2,1,0
397,0,1,1,2,2,0,1,2,1,2,2,1,2,1,2,2,1,1,1,2,1,0,1,1,0,0,2,1,1,1,1,1,1,2,2,1,1,2,1,2,1,1,1,1,2,2,1,1,2,2
398,2,2,0,1,1,2,2,1,0,1,1,2,1,2,1,1,2,2,0,1,0,2,2,2,2,2,1,2,2,0,0,2,2,1,1,0,0,1,0,1,2,2,2,2,1,1,2,2,1,1
399,1,1,2,0,2,1,1,2,2,2,2,1,2,1,0,2,1,1,2,2,2,1,1,1,1,1,2,1,1,2,2,1,1,2,2,2,2,2,2,2,1,1,1,1,2,2,1,1,2,2
400,0,0,1,0,1,2,2,1,1,1,1,2,1,0,0,1,2,2,1,1,1,2,0,2,2,2,1,2,2,1,1,2,2,1,1,1,1,1,1,1,0,2,2,0,1,1,2,0,1,1
401,2,0,2,2,2,1,1,2,0,2,2,1,2,2,0,0,1,1,2,2,2,1,2,1,1,1,2,1,1,2,0,1,1,2,2,2,0,2,2,2,2,1,1,2,2,2,1,2,2,0
402,1,2,1,1,1,2,0,1,2,1,1,0,1,1,0,0,2,2,1,1,1,2,1,2,0,2,1,0,2,1,2,2,2,1,1,1,2,1,1,1,1,2,2,1,1,1,0,1,1,0
403,2,1,0,2,0,1,0,2,1,2,2,2,0,0,2,2,1,1,2,2,2,1,2,1,0,1,0,2,1,2,1,1,1,2,2,0,1,2,2,2,2,1,1,2,0,2,2,2,2,2
404,1,0,0,1,2,2,2,1,0,1,1,1,0,2,1,1,0,2,1,1,1,2,1,2,2,2,2,1,2,1,0,0,2,1,1,0,0,1,1,1,1,0,2,1,2,1,1,1,1,1
405,2,2,2,2,1,1,1,2,2,2,0,0,0,1,0,2,2,1,0,2,2,1,2,1,1,1,1,2,1,2,2,2,1,2,2,0,2,0,0,0,2,0,1,2,1,0,2,2,2,2
406,1,1,1,1,2,2,0,1,1,1,0,0,2,2,0,1,1,2,2,1,1,2,1,2,2,2,0,1,2,1,1,1,2,1,1,2,1,2,2,2,1,2,2,1,2,2,1,1,1,1
407,2,2,0,2,1,1,0,2,0,2,2,2,1,1,2,2,2,1,1,2,2,1,0,1,1,1,2,2,1,2,0,2,1,0,2,1,0,1,1,1,0,1,1,0,1,1,2,2,2,2
408,1,1,0,1,2,2,2,1,2,1,1,1,2,2,1,1,1,2,2,1,1,2,0,2,2,2,1,1,2,1,2,1,2,0,1,2,2,2,2,0,2,2,2,2,2,2,1,1,1,1
409,2,0,0,2,1,1,1,2,1,0,2,2,1,1,0,2,2,1,1,2,2,1,2,1,1,1,0,2,1,0,1,2,1,2,2,1,1,1,1,2,1,1,1,1,1,1,2,2,2,2
410,1,0,2,1,2,2,2,1,0,2,1,1,2,2,2,1,1,0,2,1,1,2,1,2,2,0,2,1,0,2,0,1,2,1,1,0,0,2,2,1,2,2,0,2,0,0,1,1,1,1
411,2,2,1,2,1,1,1,0,0,1,2,2,1,1,1,2,2,2,1,2,2,1,0,1,1,2,1,2,2,1,2,2,1,2,2,2,2,1,1,2,1,1,2,1,0,0,2,2,2,0
412,1,1,0,1,2,2,2,2,2,2,1,1,2,2,0,1,1,1,2,1,1,2,2,2,2,1,0,1,1,2,1,1,2,1,1,1,1,2,2,1,2,0,1,2,2,2,1,1,1,2
413,0,0,2,0,1,1,1,1,1,1,2,2,1,1,0,2,2,2,1,0,2,1,1,1,1,0,2,2,2,1,0,2,1,2,2,2,0,1,1,2,1,2,2,1,1,1,2,2,2,1
414,0,2,1,2,2,2,2,2,0,2,1,1,2,2,2,1,1,1,2,0,1,2,2,0,2,0,1,1,1,0,2,1,2,1,1,1,2,2,2,1,0,1,1,0,2,2,1,1,1,2
415,0,1,0,1,1,1,1,1,2,1,2,2,1,1,1,2,2,0,1,2,2,1,1,2,1,2,2,2,2,2,1,0,1,2,2,2,1,1,1,2,0,2,2,2,1,1,2,2,2,1
416,2,2,2,2,2,2,2,2,1,2,1,1,2,2,2,1,1,2,2,1,1,2,2,1,2,1,1,1,1,1,0,2,2,1,1,1,0,2,2,1,0,1,1,1,2,2,1,1,1,2
417,1,1,1,1,1,1,1,1,0,1,0,0,1,1,1,2,2,1,1,2,0,1,1,2,1,2,2,2,0,0,2,1,1,2,0,2,2,1,1,2,2,2,2,2,1,1,0,0,2,1
418,2,2,2,2,2,2,2,0,2,2,0,0,2,2,2,1,1,0,2,1,0,0,2,1,2,1,1,1,0,2,1,0,2,1,2,1,1,2,2,1,1,1,1,1,2,2,0,2,1,0
419,1,1,1,1,1,1,1,2,1,1,2,2,1,1,1,2,2,2,1,2,0,2,1,2,1,2,2,2,2,1,0,2,1,2,1,2,0,1,1,2,2,0,2,2,1,1,0,1,2,0
420,2,2,2,2,2,0,2,1,0,2,1,1,2,0,2,1,1,1,2,1,0,1,2,1,0,1,1,1,1,2,2,1,0,1,2,1,0,2,2,1,1,0,1,1,2,2,2,2,1,2
421,1,1,1,1,1,0,1,2,2,1,2,2,1,2,1,2,2,2,1,2,2,2,1,2,2,2,2,2,0,1,1,2,2,2,1,2,2,1,1,0,2,2,2,2,1,1,1,1,2,1
422,0,2,2,2,0,2,2,1,1,2,1,1,2,1,0,1,1,1,2,1,1,1,2,1,1,1,1,1,2,2,0,1,1,1,2,1,1,0,2,0,1,1,1,1,0,2,2,0,1,2
423,0,1,1,1,0,1,1,2,0,1,2,2,1,2,2,2,0,2,1,2,2,0,1,2,2,0,2,2,1,1,2,2,0,0,1,2,0,2,1,2,2,0,2,0,2,1,1,2,2,1
424,2,2,2,2,2,2,0,1,2,2,1,1,2,1,1,1,2,1,2,1,1,2,2,1,1,2,1,1,2,2,1,1,2,2,2,1,2,1,2,1,1,0,1,2,1,2,2,1,1,2
425,1,1,1,1,1,1,2,2,1,1,0,2,1,2,2,2,1,2,1,2,2,1,1,2,2,1,2,0,1,1,0,2,1,1,1,2,1,2,1,2,2,2,0,1,2,1,1,0,2,1
426,2,2,2,2,2,2,1,1,0,0,2,1,2,1,1,1,2,1,2,1,1,2,2,1,1,2,1,0,2,2,2,1,0,2,2,1,0,1,2,1,1,1,2,2,1,2,0,2,1,2
427,1,1,1,1,1,1,2,2,2,2,1,2,1,0,2,2,1,2,1,2,2,1,1,2,2,1,2,2,1,1,1,0,2,1,1,2,2,2,1,2,2,0,1,1,0,1,0,1,2,1
428,2,2,2,2,2,2,1,1,1,1,2,1,2,2,1,1,2,1,2,1,1,2,2,1,1,0,1,1,2,2,0,2,1,2,2,1,1,1,2,1,1,2,2,2,2,2,2,2,1,2
429,1,1,1,1,1,1,2,2,0,2,1,0,1,1,2,0,1,2,1,2,2,1,1,2,0,2,2,0,1,1,2,1,0,1,1,0,0,2,1,2,2,1,1,1,1,1,1,1,2,1
430,2,0,0,2,2,2,1,1,2,1,2,2,2,2,1,2,2,1,2,1,1,2,0,1,2,1,1,2,2,2,1,2,2,2,2,2,2,1,2,1,1,2,2,2,0,2,2,0,1,2
431,1,0,2,1,1,1,2,2,1,2,1,1,1,1,2,1,1,2,1,2,2,1,2,0,1,2,2,1,1,1,0,1,1,1,1,1,1,2,1,2,2,1,1,1,2,1,1,2,0,1
432,2,0,1,0,2,2,1,1,0,1,2,2,2,2,1,2,0,1,2,1,1,2,1,0,2,1,1,2,0,2,2,2,0,2,0,2,0,1,2,1,1,2,2,0,1,2,2,1,2,2
433,1,2,2,2,1,1,2,2,2,0,1,1,1,1,2,1,2,2,1,2,2,1,2,2,1,2,2,1,2,1,1,1,2,1,2,1,0,2,1,2,2,1,1,2,2,1,1,2,1,1
434,0,1,1,1,2,0,1,1,1,2,0,2,2,2,1,2,1,1,2,1,1,2,1,1,2,1,1,2,1,2,0,2,1,2,1,2,2,1,2,1,1,2,0,1,1,2,2,1,2,2
435,2,2,2,2,1,2,2,0,0,1,2,1,1,1,2,1,0,2,1,2,2,1,2,2,1,2,2,1,2,1,2,1,2,1,2,1,1,2,1,2,2,1,2,2,2,1,1,2,1,1
436,1,1,1,1,0,1,1,0,0,2,1,2,2,2,1,2,2,1,2,1,1,2,1,1,2,1,1,0,1,2,1,2,1,2,1,2,0,1,2,1,1,2,1,1,1,0,2,1,2,2
437,2,2,2,0,0,2,0,2,0,1,2,1,1,1,2,1,1,2,1,0,2,1,2,0,1,2,2,2,2,1,0,1,0,1,2,1,2,2,1,2,2,1,2,2,2,2,1,2,1,1
438,1,1,1,2,2,1,0,1,2,0,1,2,2,2,1,0,2,1,2,0,1,2,1,2,2,1,1,1,1,2,2,2,2,2,1,2,1,1,2,1,1,2,1,1,1,1,0,1,2,2
439,2,2,2,1,1,2,2,2,1,2,2,1,1,1,0,2,1,2,1,0,2,1,2,1,1,2,2,2,0,1,1,1,1,1,2,1,0,2,1,2,0,1,2,2,2,2,2,2,1,1
440,1,1,1,0,2,1,1,1,0,1,1,2,0,2,2,1,0,1,2,2,1,2,1,0,2,1,1,1,2,0,0,0,2,2,1,2,2,1,0,1,2,2,1,1,1,1,1,1,0,2
441,2,0,2,2,1,2,0,2,2,2,0,1,2,1,1,2,2,2,1,1,2,1,2,2,1,0,2,2,1,0,2,0,1,1,0,1,1,2,2,0,1,1,2,2,2,2,2,2,0,1
442,1,0,1,1,2,1,2,1,1,1,2,2,1,0,2,1,1,1,2,2,1,2,1,1,2,2,1,1,2,2,1,2,0,2,2,2,0,1,1,2,2,2,1,1,1,1,1,1,2,0
443,2,2,2,2,1,2,1,2,0,2,1,1,2,0,1,2,0,2,1,1,2,1,2,2,1,1,2,2,1,1,0,1,2,1,1,1,2,2,2,1,1,1,2,2,2,2,2,2,1,2
444,1,1,1,1,2,1,2,1,0,1,0,2,1,2,2,1,2,1,2,0,1,2,1,1,2,2,1,1,2,2,2,0,1,2,2,2,1,1,1,2,2,2,1,1,1,1,1,1,0,1
445,0,2,2,2,1,2,1,2,2,2,2,1,0,1,1,2,1,2,1,0,2,1,0,2,1,1,0,0,1,1,1,2,2,1,1,1,0,2,2,1,1,1,2,2,2,2,2,2,2,2
446,0,1,1,1,0,1,2,1,1,1,1,2,2,2,0,1,2,1,2,2,1,2,2,1,2,2,2,2,2,2,0,1,1,0,2,2,2,1,1,2,0,2,1,1,1,1,1,1,1,1
447,2,2,0,2,2,2,1,2,0,2,2,1,1,1,2,2,1,0,1,1,2,1,1,2,1,1,1,1,1,1,2,2,0,2,1,1,1,2,2,1,2,1,2,2,0,2,2,2,2,2
448,1,1,2,1,1,1,2,1,0,1,1,2,0,2,1,1,2,2,0,2,1,2,0,1,2,2,2,2,2,0,1,1,0,1,2,0,0,1,1,2,1,2,1,1,2,1,1,1,1,1
449,2,2,1,2,2,2,1,2,2,2,2,1,2,1,2,2,1,1,2,1,2,1,2,2,1,1,1,1,1,0,0,2,2,2,1,2,0,2,2,1,2,1,2,2,1,2,2,0,0,2
450,1,1,2,1,1,1,2,1,1,1,1,2,1,2,1,1,2,2,1,2,1,0,1,1,2,0,2,2,2,2,2,1,1,1,2,1,2,1,1,0,1,0,1,1,2,1,1,2,2,1
451,2,2,1,2,2,2,1,2,0,2,2,1,2,1,2,2,1,1,2,1,2,2,0,2,1,2,1,1,1,1,1,2,2,2,1,2,1,2,0,2,2,0,0,2,1,2,2,1,1,0
452,1,1,0,1,1,1,2,1,2,1,1,2,1,2,1,1,0,0,1,2,1,1,2,1,0,1,0,2,2,2,0,1,1,1,2,1,0,1,2,1,1,2,2,1,2,1,1,2,2,2
453,2,2,2,0,0,0,1,2,1,0,2,1,2,1,2,0,0,2,2,1,2,2,1,2,2,2,2,1,1,1,2,2,2,0,1,2,2,2,1,2,2,1,1,2,1,2,0,1,1,1
454,1,1,1,0,2,2,2,1,0,2,1,2,1,2,1,0,0,1,1,2,1,1,2,1,1,1,1,2,2,0,1,1,1,2,2,1,1,1,2,1,1,2,2,1,2,1,0,0,2,2
455,2,2,2,2,1,1,1,2,2,1,2,1,2,1,2,2,0,0,2,1,2,2,1,2,2,2,0,1,1,0,0,2,2,1,1,2,0,2,1,2,2,1,1,2,1,2,2,2,1,1
456,1,1,1,1,2,0,0,1,1,2,1,2,1,0,1,1,2,2,1,0,1,1,2,1,1,1,2,2,2,2,2,1,1,2,2,1,2,1,2,1,1,0,2,1,2,1,1,1,2,2
457,0,0,2,2,1,2,0,2,0,1,2,1,2,2,0,2,1,1,2,0,0,2,1,2,2,2,1,1,1,1,1,2,2,1,1,0,1,2,1,2,2,2,1,2,1,0,0,2,1,1
458,2,2,1,1,2,1,2,1,2,2,1,2,1,1,2,1,2,2,1,2,0,1,2,1,1,1,2,0,2,2,0,1,1,0,2,0,0,1,2,1,1,1,2,1,2,2,2,1,2,0
459,1,1,0,0,1,2,1,2,1,1,2,1,2,2,1,0,1,1,2,1,2,2,1,2,2,2,1,2,1,1,0,2,2,0,1,2,2,0,1,2,2,2,1,2,1,1,1,2,1,0
460,2,2,2,2,0,1,2,1,0,2,1,2,1,1,0,2,2,0,1,2,1,1,2,1,1,1,2,1,2,2,2,1,1,2,2,1,1,0,2,1,1,1,2,1,2,2,2,1,2,2
461,1,1,1,1,2,2,1,2,2,1,2,1,0,2,0,1,1,0,2,1,2,2,1,2,2,2,1,2,1,1,1,0,2,1,1,0,0,2,1,0,2,2,1,2,1,1,1,2,1,1
462,2,2,2,2,1,1,0,1,1,2,1,0,2,1,2,2,2,0,1,2,1,1,2,1,1,1,2,1,2,0,0,2,1,2,0,0,2,1,2,2,1,1,0,1,0,0,2,1,0,2
463,1,1,1,1,2,2,2,2,0,1,0,2,1,2,1,1,1,2,2,1,2,2,1,2,2,2,1,2,1,0,2,1,2,1,2,2,1,2,1,1,2,0,0,0,2,0,1,2,2,1
464,2,2,2,2,1,1,1,1,2,2,2,1,2,1,2,2,2,1,1,2,1,1,2,1,1,1,2,1,2,2,1,2,1,0,1,1,0,1,0,2,1,2,2,0,1,2,2,1,1,2
465,1,1,1,1,2,2,2,2,1,1,1,0,1,2,1,1,1,2,2,1,0,2,1,2,2,2,1,2,1,1,0,1,0,2,2,2,2,2,2,1,2,1,1,0,2,1,1,2,2,1
466,2,0,2,2,1,1,1,1,0,2,2,2,2,1,2,0,0,1,1,2,2,1,2,1,1,1,2,1,2,2,2,0,2,1,1,1,1,1,1,0,1,2,0,2,1,0,2,1,1,0
467,1,2,1,1,2,2,2,2,2,1,1,1,1,2,1,2,2,2,2,1,1,2,1,0,0,2,1,2,1,1,1,2,1,0,2,2,0,2,2,0,2,1,2,1,0,2,1,0,2,2
468,2,1,0,2,1,1,1,1,1,2,2,2,0,1,2,1,1,1,1,2,2,1,2,2,2,1,2,1,2,0,0,1,2,0,1,1,2,1,1,2,1,0,1,2,2,1,2,2,1,1
469,1,2,2,1,2,0,2,2,0,1,1,1,2,0,1,2,2,2,2,1,1,0,1,1,1,2,1,0,1,2,0,2,1,2,2,2,1,2,0,1,2,2,2,1,1,2,1,1,0,2
470,2,1,1,0,1,2,1,1,2,2,2,2,1,2,2,1,1,1,1,2,2,2,2,2,2,1,0,2,2,1,2,1,2,1,1,1,0,1,2,2,1,1,1,0,0,1,2,2,2,1
471,1,2,2,2,2,1,0,2,1,1,1,1,0,1,1,2,2,2,2,1,1,1,1,1,1,2,0,1,1,2,1,2,1,2,2,2,2,2,1,1,2,2,0,2,2,2,1,1,1,2
472,2,1,1,1,1,2,2,1,0,2,2,2,2,2,2,1,1,1,1,0,2,0,2,2,2,1,2,2,2,1,0,1,2,1,1,1,1,1,2,2,1,1,2,1,1,1,2,2,0,1
473,1,2,2,2,2,1,1,2,2,1,1,1,1,1,1,2,2,2,2,2,1,0,1,1,1,2,1,1,1,2,2,0,1,2,0,2,0,0,1,1,2,2,1,2,2,0,1,1,2,0
474,2,1,1,1,1,2,2,1,1,2,2,2,2,2,2,1,1,1,1,1,0,2,2,2,2,1,0,0,2,1,1,2,2,1,2,1,2,2,2,0,1,1,2,1,1,0,2,2,1,2
475,1,2,2,0,2,1,1,2,0,1,1,1,1,1,1,2,2,2,0,2,2,1,1,1,1,2,2,2,1,2,0,1,1,2,1,2,1,1,1,2,2,0,1,2,2,2,1,1,2,1
476,2,1,1,2,1,2,2,1,0,2,2,2,2,0,2,1,1,1,2,1,1,2,2,2,2,1,1,1,0,1,2,2,2,1,2,1,0,2,2,1,1,0,0,1,1,1,2,2,1,2
477,1,2,2,1,0,1,1,2,2,1,1,1,1,2,1,2,2,2,1,2,0,1,1,1,1,2,2,2,2,2,1,1,1,2,1,2,2,1,1,0,2,2,2,0,2,2,1,1,2,1
478,2,1,1,2,2,2,2,1,1,2,0,2,2,1,2,1,1,1,2,1,2,2,2,2,2,1,1,1,1,1,0,2,2,1,2,1,1,2,0,2,1,1,1,0,1,1,2,2,1,2
479,1,2,0,1,1,1,1,0,0,1,2,1,1,2,1,0,2,2,1,2,1,1,1,1,1,0,2,0,2,2,0,1,1,2,1,2,0,1,2,1,2,2,0,2,2,0,1,1,2,1
480,2,1,2,0,2,2,2,2,2,2,1,2,2,1,2,2,1,1,2,1,2,2,2,2,2,2,1,0,1,1,2,2,2,1,2,1,2,2,1,2,1,1,0,1,1,2,2,2,1,2
481,1,2,1,2,1,1,1,1,1,1,2,1,1,2,1,1,2,2,1,2,1,1,1,1,1,1,2,2,2,2,1,1,1,2,1,2,1,1,2,1,2,2,2,2,2,1,1,1,2,1
482,2,1,2,1,2,2,2,2,0,2,1,2,0,1,2,2,1,1,2,1,2,2,2,2,2,2,1,1,1,1,0,2,0,1,2,1,0,2,1,2,1,1,1,1,1,2,2,2,1,2
483,1,2,1,2,1,1,1,1,2,1,2,1,2,0,1,1,2,2,1,2,1,1,1,1,1,1,2,0,2,2,2,1,2,2,1,2,2,1,2,1,0,2,0,2,2,1,1,1,2,1
484,2,1,0,1,0,2,2,2,1,2,1,2,1,2,0,2,1,1,2,1,2,2,2,2,2,2,1,2,1,1,1,2,1,1,2,1,1,2,1,2,2,1,0,1,1,0,0,2,1,2
485,1,2,2,0,2,1,1,1,0,1,0,1,2,1,2,1,2,2,1,2,1,1,1,1,1,1,2,1,2,2,0,1,2,2,1,2,0,1,2,1,1,2,2,2,0,2,2,1,0,1
486,2,1,1,2,1,2,2,2,2,2,0,2,1,0,1,2,1,1,2,1,2,2,2,0,2,0,1,2,1,1,2,2,1,1,2,1,0,2,1,2,0,1,1,1,2,1,1,2,2,2
487,1,2,0,1,2,1,1,1,1,1,0,1,2,2,2,1,2,2,1,2,1,1,1,0,1,0,2,1,0,2,1,1,2,0,1,2,2,1,2,1,2,0,2,2,1,2,2,1,1,1
488,2,1,0,2,1,2,2,0,0,0,2,0,1,1,1,2,1,1,2,1,2,2,2,0,2,2,1,0,0,1,0,2,1,2,2,1,1,0,1,2,1,2,1,1,2,1,1,0,2,0
489,1,0,2,1,2,1,1,2,2,2,1,2,2,2,2,1,0,2,1,0,1,1,1,2,1,1,2,2,2,2,2,1,0,1,1,2,0,2,2,1,2,1,0,2,1,2,2,2,1,0
490,2,0,1,2,1,2,0,1,1,1,2,1,1,1,1,0,2,1,2,0,2,2,2,1,2,2,1,1,1,1,1,2,2,0,2,1,2,1,1,2,1,2,2,1,2,1,1,1,2,2
491,1,2,2,1,2,1,2,0,0,0,1,2,2,2,2,2,1,2,1,2,1,1,1,2,1,1,2,2,2,2,0,1,1,2,1,0,1,0,0,1,2,1,1,2,1,0,2,2,1,1
492,0,1,1,2,1,2,1,2,2,2,0,1,1,1,1,1,2,1,2,1,2,0,2,1,2,0,1,1,1,1,0,2,2,1,2,2,0,2,2,2,1,0,2,1,2,2,1,1,0,2
493,2,2,0,1,0,1,2,1,1,1,2,2,2,0,2,0,1,2,1,2,1,0,1,2,1,0,2,2,2,2,2,1,1,2,1,1,2,1,1,1,2,0,1,2,1,1,2,2,0,1
494,1,1,0,2,2,2,1,2,0,0,1,1,1,2,1,2,2,1,0,1,2,2,0,1,2,2,1,1,1,1,1,2,2,1,2,2,1,2,2,2,1,2,2,1,2,2,1,1,2,2
495,2,2,0,1,1,1,2,1,0,0,0,2,2,1,2,1,1,2,0,0,1,1,2,2,1,1,2,2,2,2,0,1,1,0,1,1,0,1,1,1,2,1,1,2,1,1,0,2,1,1
496,1,1,2,2,2,2,1,0,2,2,0,1,1,0,1,2,2,1,2,0,2,2,1,1,2,0,1,1,1,1,2,2,2,2,2,2,2,2,2,2,1,2,2,1,2,2,2,1,0,2
497,0,0,1,1,1,1,0,0,1,1,2,2,2,2,0,1,1,2,1,0,1,1,0,2,1,2,2,2,2,2,1,1,1,1,1,1,1,1,1,1,2,1,1,0,1,1,1,2,0,1
498,2,2,2,2,2,2,2,2,0,2,1,1,1,1,2,2,2,1,2,0,2,2,2,1,2,1,1,1,1,1,0,2,2,2,0,2,0,2,2,2,1,2,2,2,0,2,2,1,2,2
499,1,1,1,1,1,1,1,1,2,1,2,0,0,2,1,1,1,2,1,2,1,1,1,2,1,0,2,2,0,2,2,1,1,1,2,1,2,1,1,1,2,1,1,1,2,1,1,2,1,1
500,2,2,2,2,2,2,0,2,1,2,1,2,2,1,2,2,0,1,2,1,2,2,0,1,2,2,1,1,2,1,1,2,0,2,1,2,1,2,2,2,1,2,0,2,1,2,2,1,2,2
501,1,1,1,1,1,1,2,1,0,1,2,1,1,2,1,1,2,0,1,0,1,1,2,2,1,1,2,2,1,2,0,1,0,1,2,1,0,1,1,1,2,1,2,1,2,1,1,2,1,1
502,2,2,2,2,2,0,1,0,2,2,1,2,2,1,0,2,1,2,2,2,2,2,1,1,2,2,1,1,2,1,0,0,2,2,1,2,2,2,2,0,1,2,1,2,1,2,2,1,2,0
503,1,1,1,1,1,0,2,2,1,1,2,1,1,2,2,1,2,1,1,1,1,1,2,2,1,1,2,2,1,2,2,0,1,1,0,1,1,1,1,2,2,1,0,1,2,1,1,2,1,2
504,0,2,2,2,0,0,1,1,0,0,1,2,2,1,1,2,1,2,2,2,2,0,1,1,2,2,1,1,2,1,1,2,2,2,0,2,0,2,0,1,1,0,2,2,1,2,0,1,2,1
505,2,1,1,1,2,2,2,2,2,2,2,1,1,2,0,1,0,1,1,1,1,0,2,2,1,1,2,0,1,2,0,1,1,1,2,1,2,1,2,0,0,2,1,1,2,1,2,2,1,2
506,1,2,2,0,1,1,1,1,1,1,1,2,2,1,2,2,0,0,0,2,0,2,1,1,0,0,1,2,2,1,0,2,2,2,1,2,1,2,1,2,2,1,0,2,1,0,1,1,2,1
507,2,1,1,0,2,2,0,0,0,0,0,1,1,2,1,1,2,2,2,1,2,1,2,2,0,2,2,1,1,2,2,1,1,1,0,1,0,1,2,1,1,2,2,1,2,0,2,2,1,2
508,1,2,2,2,1,1,0,2,0,2,2,2,2,1,0,2,1,1,1,2,1,2,1,1,2,1,1,2,0,1,1,0,0,2,2,2,2,2,1,2,2,1,1,2,1,2,1,1,2,1
509,2,1,1,1,2,0,2,1,2,1,1,1,1,2,0,1,2,2,2,1,2,1,2,2,1,2,2,1,2,0,0,2,2,1,1,1,1,1,2,1,1,2,2,1,2,1,2,2,1,2
510,1,2,2,2,1,2,1,2,1,2,2,2,2,1,2,2,1,1,1,2,1,2,1,1,0,1,1,2,1,2,0,1,1,2,0,2,0,2,1,2,2,1,1,2,1,2,1,1,2,1
511,2,1,1,1,2,1,2,1,0,1,1,1,1,2,1,1,2,2,2,1,0,1,2,2,2,2,2,1,2,1,2,2,2,1,0,1,2,1,2,1,1,2,2,1,2,1,2,0,1,2
512,1,2,2,2,1,2,1,2,2,0,2,2,2,1,2,0,1,1,1,0,2,2,1,1,1,1,1,2,1,0,1,1,1,2,2,2,1,0,1,2,2,1,1,2,1,0,1,2,0,1
513,0,1,1,1,0,1,2,1,1,2,1,1,1,2,1,2,0,2,2,2,1,1,0,2,2,2,2,1,2,0,0,2,2,1,1,1,0,2,2,1,1,2,2,1,2,2,2,1,2,2
514,2,2,2,2,0,0,1,2,0,1,2,2,2,1,0,1,2,1,1,1,2,2,2,1,1,1,1,2,1,0,2,1,1,2,2,0,2,1,1,0,2,1,1,2,1,1,1,2,1,1
515,1,1,1,1,2,2,2,1,2,0,1,1,1,2,2,2,1,0,0,0,1,1,1,2,2,2,2,1,2,0,1,2,2,1,1,2,1,0,2,2,1,2,2,1,2,0,2,1,2,2
516,0,2,0,2,1,1,1,2,1,2,2,2,0,1,1,1,2,2,2,2,2,2,2,1,1,1,1,0,1,2,0,1,1,2,2,1,0,2,1,1,2,1,1,2,1,0,1,2,1,1
517,0,1,2,1,0,2,2,1,0,1,1,1,2,2,2,0,1,1,1,1,1,1,1,2,0,2,0,0,0,1,2,2,2,1,1,2,2,1,2,2,1,2,2,1,2,2,2,1,2,0
518,0,0,1,2,2,1,1,2,2,2,2,0,1,1,1,2,2,0,2,2,2,2,2,1,2,1,2,0,2,2,1,1,1,2,2,1,1,0,1,1,2,1,1,2,1,1,1,2,1,2
519,2,2,2,1,1,0,2,1,1,1,1,2,2,0,2,1,1,2,1,1,1,1,1,0,1,2,1,2,1,1,0,2,2,1,1,2,0,2,0,2,1,2,2,1,0,2,2,1,2,1
520,1,1,1,2,2,2,1,0,0,2,2,1,1,2,1,2,0,1,2,2,2,2,0,2,0,1,2,1,0,0,2,1,1,2,0,1,2,1,2,1,2,1,1,0,2,1,1,0,1,2
521,0,2,0,1,1,1,2,2,2,1,1,2,2,1,2,1,2,2,1,1,1,1,2,1,0,0,1,0,0,2,1,2,2,1,2,2,1,0,1,2,1,2,2,0,1,2,2,2,2,1
522,2,1,2,2,0,0,1,1,1,2,0,1,1,2,1,2,1,1,2,2,2,2,1,0,2,0,2,2,2,1,0,1,1,2,1,1,0,0,2,1,2,1,1,2,2,1,1,1,1,2
523,1,2,1,1,2,2,2,2,0,1,2,2,2,1,0,1,2,2,1,1,1,1,2,2,1,2,1,1,1,2,2,0,2,1,2,2,2,2,1,2,1,2,0,1,1,2,2,2,2,1
524,2,1,2,2,1,1,1,1,2,0,1,1,1,2,2,2,1,1,0,2,0,2,1,1,2,1,2,2,2,1,1,2,1,2,1,1,1,1,0,1,2,1,2,2,2,1,1,1,1,2
525,1,2,1,1,2,0,0,2,1,2,2,0,2,1,1,1,2,2,2,1,2,1,2,2,1,2,1,1,1,2,0,1,2,1,2,2,0,2,2,2,1,2,1,1,1,2,2,2,2,1
526,2,1,2,2,1,2,2,1,0,1,1,0,1,2,2,2,1,1,1,2,1,2,1,1,2,1,2,0,2,1,2,2,1,2,1,1,2,1,1,1,2,1,2,0,2,1,1,1,1,2
527,1,2,1,1,2,1,1,2,2,2,2,2,2,1,1,1,2,2,2,1,2,1,2,2,1,2,1,2,1,2,1,1,0,1,2,2,1,2,2,2,1,0,1,2,1,2,2,2,2,1
528,2,1,2,2,1,2,0,1,1,1,1,1,1,2,2,2,1,1,1,2,1,0,1,1,0,1,2,1,0,1,0,2,2,0,1,1,0,1,1,1,2,0,2,1,2,1,1,1,1,2
529,1,0,1,1,2,1,2,2,0,2,2,0,2,1,1,1,2,2,2,1,2,2,2,2,2,2,1,2,2,0,0,1,1,2,0,2,2,2,2,2,1,0,1,2,1,2,2,2,2,1
530,2,0,2,2,1,2,1,1,2,1,1,2,1,2,2,0,1,1,1,2,1,1,1,1,1,1,0,1,1,2,0,2,2,1,0,1,1,1,1,1,2,2,2,1,2,1,1,1,1,0
531,1,0,1,1,2,1,2,0,1,2,2,1,2,1,1,2,2,2,2,1,0,2,2,2,0,2,2,2,2,1,2,1,1,2,2,2,0,2,2,2,1,1,1,2,1,0,2,2,2,2
532,2,2,0,0,1,0,1,2,0,1,1,2,1,2,0,1,1,1,1,0,2,1,1,1,2,1,1,1,1,2,1,2,2,1,1,1,0,1,1,1,0,0,2,1,0,2,1,1,1,1
533,1,1,2,2,2,2,2,1,2,2,2,1,2,1,2,2,2,2,0,2,1,2,0,2,1,2,2,2,2,1,0,1,1,2,2,2,2,2,0,0,2,0,1,0,2,1,2,2,2,2
534,2,2,1,1,1,1,1,2,1,1,1,0,1,2,1,1,1,1,2,1,2,1,2,1,2,1,1,1,1,2,2,2,2,1,1,1,1,1,2,2,1,2,2,2,1,0,1,1,1,1
535,1,1,2,2,2,0,0,1,0,2,2,2,0,1,0,0,2,2,1,2,1,2,1,2,1,2,2,2,2,1,1,1,1,2,0,2,0,2,1,1,2,1,1,1,0,2,2,2,2,2
536,2,2,1,1,1,2,2,2,2,1,1,1,2,2,2,0,1,1,0,1,0,1,2,1,2,1,1,1,1,2,0,2,2,1,2,1,2,1,0,2,1,2,2,2,2,1,1,1,1,1
537,1,1,2,2,2,1,1,1,1,2,2,2,1,1,1,2,0,2,2,2,2,0,1,2,1,0,0,2,2,1,2,1,1,2,1,0,1,2,2,1,2,1,1,1,1,0,2,2,2,2
538,0,0,1,1,1,2,0,2,0,1,1,1,0,2,0,1,2,1,1,1,1,0,2,1,0,2,0,1,1,0,1,0,2,1,2,2,0,1,1,2,1,2,2,2,2,0,1,1,1,1
539,2,2,0,2,2,1,2,1,2,2,2,2,0,1,2,2,1,2,2,2,2,0,1,2,2,1,2,2,2,2,0,0,1,2,1,1,2,2,2,1,2,1,1,1,1,0,2,2,2,2
540,1,1,2,1,1,2,1,2,1,1,1,1,2,2,1,1,2,1,1,1,1,2,2,1,1,2,1,1,1,1,0,2,0,1,2,2,1,1,1,2,1,2,0,2,2,2,1,1,1,1
541,2,2,1,0,2,1,2,1,0,2,2,2,1,1,2,2,1,2,2,2,2,1,1,2,2,1,2,0,2,2,2,1,0,0,1,1,0,0,2,1,2,1,2,1,1,1,2,2,2,2
542,1,1,2,2,1,2,1,0,2,1,1,1,2,0,1,1,2,1,1,1,1,2,0,1,1,2,1,2,1,1,1,2,2,2,2,2,0,2,1,2,1,0,1,2,2,0,1,1,1,1
543,2,2,1,1,0,1,2,2,1,2,2,2,1,0,2,2,1,2,2,2,2,1,2,0,2,1,2,1,0,2,0,1,1,1,1,1,2,1,2,1,2,0,2,1,1,0,2,2,2,2
544,1,1,2,2,0,2,1,1,0,1,1,1,2,2,1,1,2,1,1,1,1,2,1,0,1,2,1,2,2,1,2,2,2,2,2,0,1,2,1,2,1,2,1,2,2,0,1,1,1,1
545,0,2,1,1,2,1,2,2,2,2,2,2,1,1,2,2,1,0,2,0,0,1,2,2,0,1,2,1,1,2,1,1,1,1,1,0,0,1,2,1,2,1,2,1,1,0,2,2,2,0
546,2,1,0,2,1,2,1,1,1,1,1,1,2,2,1,1,0,2,1,2,2,2,1,1,2,0,1,2,2,1,0,2,2,2,0,0,2,2,1,0,1,2,1,0,2,2,1,1,1,2
547,1,2,2,1,0,1,0,2,0,2,2,2,1,1,2,2,2,1,0,1,1,1,2,2,1,2,2,1,1,2,2,1,1,1,2,2,1,1,2,2,2,1,2,2,1,1,2,2,2,1
548,2,1,1,2,2,2,2,1,2,1,1,1,2,2,1,1,1,2,2,2,2,0,1,1,2,1,1,2,2,1,1,2,0,2,1,1,0,2,1,1,1,2,1,1,2,2,1,1,1,0
549,1,2,2,1,1,1,1,2,1,2,2,2,1,1,2,0,0,1,1,1,1,2,2,0,1,2,2,1,1,2,0,1,0,1,2,0,2,1,2,2,2,1,2,2,1,1,2,0,0,0
550,2,1,1,0,0,2,2,1,0,1,1,1,2,0,1,2,2,2,2,0,2,1,1,2,2,1,1,2,2,1,2,2,2,0,1,2,1,2,1,1,1,2,1,1,0,2,1,0,2,0
551,1,2,2,2,0,1,1,2,2,2,2,2,1,2,2,1,1,1,1,2,1,2,0,1,1,2,0,1,1,2,1,1,1,2,2,1,0,1,2,2,2,1,2,0,2,1,2,2,1,0
552,0,1,1,1,2,2,2,1,1,1,1,1,2,1,1,2,2,2,2,1,2,1,0,0,0,1,2,0,2,1,0,2,0,1,1,0,2,2,1,1,1,2,1,2,1,2,1,1,0,2
553,0,2,2,2,1,1,1,2,0,2,2,0,1,2,0,1,1,1,1,0,1,0,2,2,2,0,1,2,1,2,2,1,2,2,2,0,1,1,2,2,2,1,2,1,2,1,2,2,2,1
554,2,1,1,1,2,2,2,1,2,1,1,2,0,1,2,2,2,2,2,2,2,2,1,1,1,2,2,1,2,1,1,2,1,1,1,2,0,2,1,1,1,2,1,2,1,2,1,1,1,2
555,1,2,2,2,1,1,1,2,1,2,2,1,2,2,1,1,1,1,1,1,1,1,2,0,2,1,1,2,1,2,0,1,2,0,2,1,2,1,2,0,2,1,0,1,2,1,0,2,2,1
556,2,1,1,1,2,0,2,1,0,1,1,2,1,1,2,2,2,2,2,0,2,2,1,2,1,2,2,1,0,1,2,2,1,2,1,2,1,2,1,0,1,2,2,2,1,2,2,1,1,2
557,1,0,2,0,1,2,1,2,2,2,2,1,2,2,1,1,1,1,1,2,1,1,0,1,2,1,1,2,2,2,1,1,0,1,2,1,0,1,2,2,2,1,1,1,2,1,1,2,2,1
558,2,2,1,2,2,1,2,1,1,1,1,2,1,1,2,2,0,2,2,1,2,2,2,0,1,2,2,1,1,1,0,2,2,2,1,2,2,2,1,1,1,2,2,2,1,2,2,1,1,2
559,1,1,2,1,1,2,1,2,0,2,0,1,2,2,1,1,2,1,1,2,1,1,1,2,2,1,1,0,2,2,2,1,1,1,2,1,1,1,2,0,2,1,1,1,2,1,1,0,2,1
560,2,2,1,2,0,1,2,1,0,1,2,0,1,1,2,2,1,2,2,1,2,2,2,1,1,0,2,2,1,1,1,0,2,2,1,2,0,2,1,2,1,2,2,2,1,2,2,2,1,2
561,1,1,0,1,2,2,1,0,2,0,1,0,2,2,1,1,2,1,1,2,1,1,1,2,2,2,1,1,2,2,0,2,1,1,2,1,2,1,2,1,2,1,1,1,0,1,1,1,2,1
562,2,0,2,0,1,1,2,2,1,2,2,0,1,1,2,2,1,2,2,1,2,0,2,1,1,1,2,0,1,1,2,1,2,2,1,0,1,0,1,2,1,2,0,2,2,2,2,2,1,2
563,1,2,1,0,2,2,1,1,0,1,1,2,2,2,1,1,2,1,1,2,1,0,1,2,2,0,1,2,2,2,1,2,1,1,2,2,0,2,2,1,2,1,0,1,1,1,1,1,2,1
564,0,1,2,2,1,1,2,2,2,2,0,1,1,1,2,2,1,0,2,1,0,2,2,1,1,2,2,1,1,1,0,1,2,0,1,1,2,1,1,2,1,2,2,2,2,2,0,2,1,2
565,2,2,1,1,2,2,1,1,1,1,2,0,0,2,1,1,2,2,1,0,2,1,1,0,2,1,1,2,2,2,0,0,1,2,2,0,1,2,2,1,2,1,1,1,1,1,2,1,2,1
566,1,1,2,2,1,1,2,0,0,2,1,2,2,1,0,0,1,1,2,0,1,2,2,2,1,2,0,1,1,1,2,0,0,1,1,0,0,1,1,2,1,2,0,2,2,2,1,2,1,0
567,2,2,1,1,2,0,1,0,0,1,2,1,1,2,2,2,2,2,1,2,2,1,1,1,0,1,0,2,2,2,1,2,0,2,2,0,2,2,0,1,0,1,2,1,1,1,2,1,2,2
568,1,1,2,2,1,2,2,0,2,0,1,2,2,1,1,1,1,1,2,1,1,2,2,2,0,2,2,1,1,1,0,1,2,1,1,2,1,1,2,2,0,2,1,2,2,2,1,0,1,1
569,2,2,1,1,2,1,1,2,1,2,2,1,1,2,2,0,0,2,1,2,2,1,1,1,2,1,1,2,0,0,0,2,1,0,2,1,0,0,1,1,2,1,2,1,1,1,2,2,2,2
570,1,1,2,2,1,2,2,1,0,1,1,2,2,1,1,2,0,1,2,1,1,0,2,2,1,2,0,1,2,2,2,1,2,2,1,2,0,2,0,2,1,2,1,2,2,0,1,1,1,1
571,2,0,1,1,2,1,1,2,2,2,2,1,1,0,2,1,2,2,1,0,2,2,1,1,2,1,2,2,1,1,1,2,1,1,2,1,2,1,2,1,2,1,0,1,1,2,2,2,2,0
572,1,2,2,2,1,2,2,1,1,1,1,2,2,2,1,0,1,1,2,2,1,1,2,2,1,2,1,1,2,2,0,1,0,0,1,0,1,0,1,2,1,2,2,2,2,1,1,1,1,2
573,2,1,1,1,2,1,1,2,0,2,0,1,1,1,2,2,2,2,1,1,2,2,1,1,2,1,2,0,1,1,0,2,2,2,2,2,0,2,2,1,2,1,1,1,1,0,2,2,2,1
574,1,0,2,2,1,2,2,1,0,1,2,2,2,2,1,1,1,1,0,2,1,1,2,2,1,2,1,2,2,0,2,1,1,1,1,1,0,1,1,2,1,2,0,2,2,2,1,1,1,2
575,2,2,1,1,2,1,1,2,2,2,1,1,1,1,0,2,2,0,0,1,2,2,1,1,2,1,2,1,1,2,1,0,2,0,2,2,0,2,0,1,2,1,2,1,1,1,2,0,2,1
576,1,1,2,2,1,2,2,1,1,1,0,2,2,2,2,1,1,0,2,2,1,1,2,2,1,0,1,0,2,1,0,2,1,2,1,1,2,1,2,2,1,2,1,2,0,2,1,2,1,2
577,2,2,1,1,0,1,1,2,0,0,2,1,1,1,1,0,2,2,1,1,2,2,1,1,2,2,2,2,1,2,2,1,0,1,0,2,1,2,1,1,2,1,2,1,2,1,2,1,2,1
578,1,1,2,2,2,2,2,1,2,2,1,0,2,2,2,0,1,1,2,2,1,1,2,2,1,1,1,1,2,1,1,2,0,0,2,1,0,1,2,2,1,2,1,0,1,2,1,2,1,2
579,2,2,1,1,1,1,1,2,1,1,2,2,1,1,1,0,2,0,1,1,2,0,1,1,0,2,0,2,1,2,0,1,0,2,1,0,2,2,1,1,0,1,2,2,2,1,2,1,2,1
580,1,1,0,2,2,2,2,1,0,0,1,1,2,2,2,2,1,2,2,0,1,2,2,2,2,1,2,1,2,1,2,2,2,1,2,2,1,1,2,2,2,0,1,1,1,2,1,0,1,2
581,2,2,2,1,1,1,1,2,2,2,0,2,1,1,1,1,2,1,1,2,2,1,1,1,1,2,1,2,1,2,1,1,1,2,1,1,0,0,1,1,1,0,2,2,0,1,0,2,2,1
582,1,1,1,2,2,2,2,1,1,1,2,1,2,0,2,2,1,2,2,1,1,2,0,0,2,1,2,1,2,1,0,2,2,1,2,2,2,0,2,2,2,2,1,1,2,2,2,1,1,2
583,0,0,2,1,1,1,1,2,0,0,1,0,1,2,1,1,2,1,1,2,0,1,2,2,1,2,1,2,1,2,2,1,1,2,1,1,1,2,1,1,1,1,2,2,1,1,1,2,2,1
584,2,2,1,2,2,2,2,1,0,0,0,0,2,1,2,2,1,2,2,1,2,0,1,1,2,1,2,1,0,1,1,2,2,1,2,2,0,1,2,2,2,2,1,1,2,2,0,1,1,2
585,1,1,0,1,1,1,1,0,0,2,2,2,1,2,1,1,0,1,1,2,1,2,2,2,1,2,1,0,2,0,0,1,1,2,1,1,2,0,1,1,1,1,2,0,1,1,2,2,2,1
586,2,2,0,2,0,0,2,2,2,1,1,1,2,1,0,2,2,0,2,1,2,1,1,1,2,1,0,2,1,2,2,0,2,1,2,2,1,2,2,2,2,2,1,2,0,0,1,1,1,0
587,1,1,0,1,2,2,1,1,1,0,2,2,1,0,2,1,1,2,1,2,1,2,2,2,1,0,2,1,2,1,1,2,1,2,1,1,0,1,1,1,1,1,2,1,2,2,2,0,0,0
588,2,0,0,2,1,1,2,2,0,0,1,1,2,2,1,2,2,1,0,1,2,1,1,1,2,2,1,2,1,2,0,1,2,1,2,2,2,2,2,2,2,2,1,2,1,1,1,2,2,2
589,1,2,2,1,2,2,1,1,0,2,2,2,1,1,2,1,1,2,2,2,1,2,2,2,1,1,2,1,2,1,2,2,1,0,1,1,1,1,1,1,1,1,2,1,2,2,2,1,1,1
590,2,1,1,0,1,1,2,2,2,1,1,1,2,2,1,0,2,1,1,1,2,1,1,1,2,2,1,0,1,2,1,1,2,2,2,0,0,0,2,2,2,2,1,2,1,1,1,2,2,0
591,1,0,2,2,2,2,1,1,1,2,2,2,1,1,2,2,1,2,2,2,1,2,0,2,1,1,2,2,2,1,0,0,1,1,1,2,0,2,1,1,1,1,2,1,0,2,2,1,1,2
592,0,2,1,1,1,1,2,2,0,1,1,1,0,2,1,1,2,1,1,1,2,1,2,1,2,2,1,1,1,2,0,0,0,2,2,1,2,1,2,2,2,0,1,0,2,1,1,0,2,1
593,2,1,2,2,2,2,1,1,0,2,2,0,2,1,2,2,1,2,2,0,1,2,1,0,1,1,2,2,2,1,2,2,2,1,1,2,1,0,1,1,1,0,2,2,1,2,0,2,1,2
594,1,2,1,1,1,1,2,2,2,1,1,2,1,2,1,1,2,1,1,2,2,1,2,2,2,0,1,1,1,2,1,1,1,2,0,1,0,2,2,2,0,0,1,1,2,1,0,1,0,1
595,2,1,2,2,2,2,1,1,1,2,2,1,2,1,2,2,1,0,2,1,1,2,1,1,1,2,2,2,2,1,0,0,2,1,0,0,2,1,1,1,2,2,2,2,1,2,2,2,0,2
596,1,2,1,1,1,1,2,0,0,1,1,2,1,0,1,1,2,2,1,2,2,1,2,2,2,1,1,1,1,2,2,2,1,2,2,2,1,0,2,2,1,1,1,1,2,1,1,1,0,1
597,0,1,0,2,2,0,1,2,2,0,2,1,2,0,0,0,1,1,2,1,1,0,1,1,1,0,0,2,2,1,1,1,0,1,1,1,0,2,1,1,2,0,2,0,1,2,0,2,2,2
598,2,2,2,1,1,2,2,1,1,2,1,2,1,0,0,0,2,2,1,2,2,0,2,2,0,2,2,1,1,2,0,2,2,2,0,2,0,1,2,2,1,2,1,2,2,1,2,1,1,1
599,1,1,1,2,2,1,1,0,0,1,0,1,2,2,2,2,1,1,2,1,1,2,1,1,2,1,1,2,2,1,0,1,1,1,2,1,2,2,1,1,2,1,2,1,1,2,1,2,0,2
600,2,2,2,1,1,2,2,2,2,2,2,2,1,1,1,1,2,2,1,0,2,1,2,2,1,2,2,1,1,2,2,2,0,2,1,2,1,1,2,2,1,0,1,2,2,1,2,1,0,1
601,1,1,1,2,2,1,1,1,1,1,1,1,2,2,2,2,1,1,2,0,1,2,1,1,2,1,1,2,0,1,1,1,0,1,0,1,0,2,1,1,2,2,2,1,1,2,1,2,2,2
602,0,0,2,1,1,2,2,2,0,2,0,2,1,1,1,1,2,2,1,2,2,1,2,0,1,2,2,1,2,0,0,2,0,2,0,2,2,1,0,2,1,1,1,2,0,1,2,1,1,1
603,2,2,1,2,0,1,1,1,2,1,2,1,2,2,2,2,1,1,2,1,1,2,1,2,2,1,1,2,1,2,2,1,2,1,0,1,1,0,2,1,2,2,0,1,2,2,1,2,2,2
604,1,1,2,1,2,2,2,2,1,2,1,2,1,1,1,1,0,2,1,0,2,1,2,1,1,0,2,1,2,1,1,2,1,2,2,2,0,2,1,2,1,1,2,0,1,1,2,1,1,1
605,0,2,1,2,1,1,1,1,0,1,2,1,2,2,2,0,2,1,2,2,1,2,1,0,2,0,1,2,1,2,0,1,0,1,1,1,2,1,2,1,2,2,1,2,2,2,1,0,2,2
606,0,1,2,1,2,0,2,2,0,2,1,2,1,1,1,2,1,2,1,1,0,1,2,2,1,2,2,1,2,1,0,2,2,2,0,2,1,2,1,2,1,1,2,1,1,1,2,2,1,1
607,2,2,1,2,1,2,1,1,2,1,2,1,2,0,2,1,2,1,0,2,0,2,1,1,2,1,1,0,1,2,2,1,1,1,2,1,0,1,2,1,2,2,1,2,0,2,1,1,0,0
608,1,1,0,1,2,1,0,2,1,2,1,0,1,2,1,2,1,0,2,1,2,1,2,2,1,2,2,2,0,1,1,2,0,0,1,2,2,2,1,2,1,1,2,1,2,1,2,2,2,2
609,2,2,2,2,1,2,2,1,0,1,0,2,0,1,2,1,2,0,1,2,1,2,1,1,2,1,1,1,2,2,0,1,0,2,2,1,1,1,2,1,2,2,1,2,1,2,1,1,1,1
610,1,1,1,1,2,1,1,0,2,0,0,1,2,2,1,2,1,0,2,1,2,1,0,2,1,2,2,0,1,1,2,2,2,1,1,2,0,2,1,2,1,1,2,1,2,1,2,2,0,2
611,0,0,2,2,1,2,2,0,1,2,0,2,1,1,0,1,2,2,1,2,1,2,2,1,2,1,1,2,2,2,1,1,1,0,2,1,2,1,2,1,2,2,1,2,1,0,1,1,2,1
612,2,2,1,1,2,1,1,2,0,1,2,1,0,0,2,0,1,1,2,1,2,1,1,2,1,2,2,1,1,1,0,2,2,2,1,2,1,2,1,0,1,1,2,1,2,0,0,2,1,2
613,1,1,0,2,1,2,2,1,0,2,1,2,2,2,1,2,2,2,1,2,1,0,0,1,2,1,1,2,2,2,0,1,1,1,0,1,0,1,2,0,2,2,1,2,1,2,0,1,2,1
614,0,2,2,1,2,1,1,2,2,1,0,1,1,1,2,1,1,1,2,1,0,2,2,2,1,2,2,1,1,1,2,2,2,0,2,2,2,0,1,2,1,1,2,1,2,1,0,2,1,0
615,2,1,1,2,1,2,2,1,1,2,0,2,2,0,1,0,2,2,1,2,0,1,1,1,2,1,1,0,2,0,1,1,1,2,1,1,1,0,2,1,2,2,1,2,1,0,2,1,2,2
616,1,2,2,1,0,1,1,2,0,1,2,1,1,2,2,2,1,1,2,1,2,2,0,2,1,2,2,0,1,2,0,0,2,1,2,2,0,2,1,2,1,1,2,1,2,2,1,2,1,1
617,2,1,1,2,2,2,2,1,2,2,1,0,2,1,1,1,2,2,1,2,1,1,0,1,2,1,1,2,2,1,2,2,1,2,1,1,2,1,0,1,2,0,1,2,1,1,2,1,2,2
618,1,2,2,1,1,1,1,2,1,1,2,2,1,2,2,2,1,1,2,1,2,2,2,2,1,2,2,1,1,0,1,1,2,1,2,0,1,2,2,2,1,0,2,1,2,2,1,2,1,1
619,2,1,1,0,2,2,2,1,0,2,1,1,2,1,1,1,2,2,1,2,1,1,1,1,2,1,1,2,2,2,0,2,1,2,1,2,0,1,1,1,0,2,1,2,1,1,2,1,2,0
620,1,2,0,2,1,1,1,2,2,1,2,2,1,2,2,2,1,1,2,1,2,0,0,0,1,2,2,1,1,1,0,1,2,1,2,1,2,2,2,0,2,1,0,1,0,2,1,2,1,2
621,2,1,2,1,2,0,2,1,1,2,1,1,2,1,1,1,2,2,1,2,1,2,2,0,2,1,1,2,2,2,2,2,1,2,1,2,1,1,1,0,1,2,2,2,0,1,2,1,0,1
622,1,0,1,2,1,2,1,2,0,1,2,0,1,2,2,0,1,1,2,1,0,1,1,2,1,2,2,1,1,1,1,1,0,1,2,1,0,2,2,2,2,1,1,1,2,2,1,2,2,2
623,2,2,2,1,2,1,2,1,2,2,1,0,0,1,1,2,2,2,1,2,2,2,0,1,0,1,1,2,0,2,0,0,0,2,1,2,2,1,1,1,1,0,2,2,1,1,0,1,1,1
624,1,1,1,0,1,2,1,2,1,1,0,2,0,2,2,1,1,1,2,1,1,1,2,0,2,2,2,1,2,1,2,2,2,1,0,1,1,2,2,2,0,2,1,1,2,2,2,2,2,2
625,2,2,2,2,2,1,2,1,0,2,2,1,2,1,1,0,2,2,1,2,2,0,1,2,1,1,1,2,1,2,1,1,1,0,2,2,0,1,1,1,2,1,2,0,1,1,1,1,1,1
626,1,1,1,1,1,2,1,0,2,1,1,0,1,2,2,2,1,1,0,1,1,0,2,1,2,2,2,1,2,1,0,2,2,2,1,1,2,0,0,2,1,2,1,2,2,2,2,2,0,0
627,2,0,0,2,2,1,2,0,1,2,2,2,2,1,1,1,2,2,2,2,2,2,1,2,1,1,1,0,1,2,2,1,1,1,2,2,1,2,2,1,2,1,0,1,1,1,1,1,2,2
628,1,2,2,1,1,2,1,0,0,1,1,1,1,2,0,0,1,1,1,1,1,1,2,1,0,2,2,0,2,1,1,2,2,0,1,1,0,1,1,2,1,2,2,2,0,2,2,2,1,1
629,2,1,1,2,2,1,2,2,0,2,2,2,2,1,2,0,2,2,0,2,0,2,1,2,2,1,1,2,1,2,0,1,1,2,2,2,2,2,2,1,0,1,1,1,2,1,1,1,2,2
630,1,2,2,1,1,2,1,1,2,1,1,1,1,2,1,2,1,1,2,1,2,1,2,1,1,2,2,1,2,1,2,2,0,1,1,1,1,1,1,2,2,2,0,0,1,0,2,2,1,1
631,2,1,1,2,2,1,2,2,1,2,2,2,2,1,2,1,2,2,1,2,1,2,1,2,2,1,1,2,1,2,1,1,2,0,2,2,0,2,0,1,1,1,2,2,0,0,1,1,0,2
632,1,2,2,1,1,2,1,1,0,1,1,1,1,2,1,2,1,1,2,1,2,1,2,1,1,2,2,1,2,1,0,2,1,2,1,1,2,1,0,2,0,0,1,1,2,2,0,2,2,1
633,2,1,1,2,2,1,2,0,2,0,2,2,2,1,2,1,2,2,1,2,1,2,1,2,2,1,1,0,1,2,2,1,2,1,2,2,1,2,0,1,2,0,2,2,1,1,0,1,1,2
634,1,2,2,1,1,0,1,2,1,2,1,1,1,2,1,2,1,1,0,1,2,1,2,1,1,2,2,2,2,1,1,2,1,2,1,1,0,1,2,2,1,2,1,1,2,2,2,2,2,1
635,2,1,1,2,0,2,2,1,0,1,2,2,2,1,2,1,2,0,2,2,1,2,1,2,2,1,1,1,1,2,0,1,2,1,0,0,2,2,1,1,0,1,2,2,1,1,1,1,1,2
636,1,2,2,1,2,1,1,2,0,2,1,1,1,0,1,2,1,2,1,1,2,1,2,1,1,0,2,2,2,1,2,2,1,2,2,2,1,1,2,2,2,0,1,1,2,2,0,2,0,1
637,2,1,1,2,1,2,2,1,0,1,2,0,2,0,0,1,2,1,0,2,1,2,1,2,2,2,1,1,1,2,1,1,2,1,1,1,0,0,1,1,1,2,2,2,1,1,2,1,0,2
638,1,2,2,1,2,1,1,2,2,2,1,2,1,2,0,2,1,2,2,1,0,1,2,1,1,1,0,0,2,1,0,2,1,2,0,2,2,2,2,0,2,1,1,1,2,2,1,2,0,1
639,2,1,1,2,1,0,2,1,1,1,0,1,2,1,0,1,2,1,1,0,2,2,1,0,2,0,2,2,1,2,2,1,0,1,2,1,1,1,1,2,1,2,2,2,1,1,2,1,2,2
640,1,2,2,1,2,2,1,2,0,0,0,2,1,2,0,2,1,2,2,2,1,1,2,2,1,2,1,1,2,1,1,2,2,2,1,2,0,2,2,1,2,1,1,1,2,2,1,2,1,1
641,2,1,1,0,1,1,2,1,2,2,2,1,2,1,2,1,2,1,1,1,2,0,1,1,2,1,2,2,1,0,0,1,1,1,0,1,2,1,1,2,1,2,2,2,1,1,2,1,2,0
642,1,0,2,2,2,0,1,2,1,1,1,2,1,2,1,2,1,0,2,0,1,2,2,2,1,2,1,1,2,0,2,2,2,2,2,2,1,2,2,1,0,1,1,1,2,0,1,2,1,2
643,0,2,1,1,1,0,2,1,0,2,0,1,2,1,2,1,0,2,1,2,2,1,1,1,2,1,2,2,1,2,1,1,1,1,1,1,0,1,1,2,2,2,2,2,1,0,2,1,2,1
644,0,1,0,2,2,2,1,2,2,1,2,2,1,2,1,2,2,1,2,1,1,2,0,2,1,2,1,1,2,1,0,0,2,2,2,2,2,2,2,1,1,1,1,1,2,2,1,2,1,0
645,0,2,2,1,1,1,2,1,1,0,1,1,2,1,2,1,1,2,1,2,2,1,2,1,2,1,0,2,1,2,2,2,1,1,1,1,1,1,1,0,2,2,2,2,1,1,2,1,0,2
646,2,1,1,2,0,2,1,2,0,2,0,0,1,2,1,0,2,1,2,1,1,2,1,2,1,2,2,1,2,1,1,1,2,2,0,0,0,2,2,2,1,1,1,1,2,2,1,0,0,1
647,1,2,2,1,0,1,2,1,2,1,2,2,2,1,2,2,1,2,1,2,2,1,2,1,0,1,1,2,1,2,0,2,1,1,0,2,0,1,1,1,2,2,2,2,1,1,2,2,2,0
648,0,1,1,2,2,2,1,0,1,2,1,1,1,2,1,1,2,1,2,1,1,0,1,2,0,2,2,1,0,1,2,1,0,2,0,1,2,2,0,0,1,1,1,1,2,2,1,1,1,2
649,2,2,2,1,1,1,2,2,0,1,2,2,2,1,2,0,1,2,1,2,2,2,2,1,2,1,1,0,0,2,1,0,2,1,2,2,1,1,2,2,2,2,2,2,1,1,2,2,0,1
650,1,1,1,0,2,0,1,1,0,2,1,1,1,0,1,2,2,1,2,1,1,1,1,2,1,2,2,2,0,1,0,2,1,2,1,1,0,2,1,1,1,1,1,1,0,2,1,1,2,2
651,0,2,0,2,1,2,2,2,2,1,2,2,2,2,2,1,1,2,1,2,2,2,2,1,2,1,1,1,2,2,2,1,2,1,2,2,2,1,2,2,2,2,2,2,2,1,2,2,1,1
652,2,1,0,1,2,1,1,1,1,0,1,1,1,1,1,2,2,1,2,1,1,1,1,0,1,2,2,2,1,1,1,2,1,2,1,1,1,2,1,1,1,1,1,1,1,2,1,1,2,2
653,1,2,2,2,1,0,2,2,0,2,2,0,2,2,2,1,1,2,1,2,2,2,2,2,2,1,1,1,2,2,0,1,2,1,0,0,0,1,0,2,2,2,2,2,2,1,2,2,1,1
654,2,1,1,1,2,0,1,1,2,1,1,2,1,1,1,0,2,1,2,1,1,1,1,1,1,2,2,2,1,1,2,2,1,2,2,2,2,2,0,1,1,1,1,1,1,2,1,1,2,0
655,1,2,2,2,1,0,2,2,1,2,2,1,0,2,0,2,1,2,1,2,2,2,2,2,2,1,1,1,2,2,1,1,2,1,1,1,1,1,2,2,2,2,0,2,2,1,2,2,1,0
656,2,1,1,1,2,2,1,1,0,1,1,2,2,1,2,1,2,1,0,1,1,1,1,1,1,2,2,0,1,1,0,0,1,2,0,2,0,2,1,1,1,1,2,1,1,0,1,1,2,2
657,1,0,2,0,1,1,2,2,0,2,0,1,1,2,1,2,1,2,2,0,2,2,0,2,0,1,1,2,2,2,2,2,0,1,0,1,2,1,2,2,2,2,1,2,2,2,2,0,1,1
658,0,2,1,2,2,2,1,1,2,1,2,0,2,1,2,1,2,1,1,2,1,1,2,1,2,2,2,1,1,1,1,1,2,0,2,0,1,2,1,1,1,1,0,1,1,1,1,2,2,2
659,2,1,2,1,1,1,2,2,1,2,1,2,1,2,1,2,1,0,2,1,0,0,1,2,1,1,1,2,2,2,0,0,1,0,1,2,0,1,2,2,2,2,0,2,0,2,2,1,1,1
660,1,2,1,0,2,2,1,1,0,1,2,1,2,1,2,1,2,2,1,0,2,2,2,1,2,2,2,1,1,1,0,2,2,2,2,1,2,2,1,1,1,1,2,1,2,1,1,0,2,0
661,2,1,0,2,1,1,0,0,2,2,1,2,1,2,1,2,1,1,2,2,1,1,1,2,1,1,1,2,2,2,2,1,1,1,1,0,1,1,2,2,2,2,1,0,1,2,2,2,1,0
662,1,2,2,1,2,2,2,2,1,1,2,1,2,1,2,1,2,2,1,1,0,0,2,1,2,2,2,1,1,1,1,2,2,2,2,2,0,0,1,1,1,1,2,2,0,1,1,1,2,2
663,2,1,1,0,1,1,1,1,0,2,1,2,1,2,1,2,1,1,2,2,2,2,1,2,1,1,1,2,2,2,0,1,1,1,1,1,2,2,0,2,2,2,1,1,2,0,2,0,1,1
664,1,2,2,2,2,0,2,0,2,1,0,1,2,1,2,1,2,2,1,1,1,1,2,1,2,2,2,1,1,1,2,2,2,0,2,2,1,1,2,1,1,1,2,2,1,0,1,2,2,0
665,0,1,1,1,1,2,1,2,1,2,2,0,1,2,1,0,1,1,2,2,2,2,1,2,1,1,1,0,2,2,1,1,1,2,1,1,0,2,1,2,2,0,1,1,2,2,2,1,1,2
666,2,2,0,2,2,1,2,1,0,1,1,2,2,1,2,2,2,0,1,1,1,1,2,1,2,0,2,2,1,1,0,2,2,1,2,2,2,1,2,1,1,2,2,2,1,1,1,0,2,1
667,1,1,2,1,1,2,1,2,2,2,2,1,1,0,1,1,1,0,0,2,2,2,1,2,1,2,1,1,2,2,0,1,1,2,1,1,1,2,1,2,0,1,1,1,2,2,2,2,1,2
668,2,2,1,2,2,1,2,1,1,1,1,0,2,2,2,2,2,2,2,1,1,1,0,1,0,1,2,2,1,1,2,2,0,1,2,2,0,1,0,1,2,2,2,2,1,1,1,1,0,1
669,1,1,2,1,1,2,1,2,0,0,2,2,1,1,1,1,1,1,1,2,2,2,2,2,2,0,1,1,2,2,1,1,2,2,1,1,2,2,0,2,1,1,1,1,2,2,2,2,2,2
670,2,2,1,2,2,1,2,1,2,2,1,1,2,2,0,0,2,2,0,1,1,1,1,1,1,2,2,2,1,1,0,2,1,1,2,2,1,1,2,1,2,2,2,2,1,1,1,1,1,1
671,1,1,0,1,1,2,1,2,1,1,2,2,1,1,2,2,1,1,2,2,0,2,2,0,2,1,1,1,2,2,2,1,0,0,1,1,0,2,1,2,1,1,1,1,2,2,2,2,2,2
672,2,2,0,2,2,1,2,1,0,2,1,1,0,2,1,1,2,2,1,1,2,1,1,2,1,0,2,2,1,1,1,2,0,2,2,2,0,1,0,1,2,0,2,2,1,1,1,1,1,1
673,1,1,2,1,1,2,1,2,2,1,2,0,2,1,2,2,1,1,2,2,1,0,2,1,2,2,1,1,2,2,0,1,2,1,1,1,2,0,2,0,1,2,1,1,2,2,2,2,2,2
674,2,2,1,2,2,1,0,1,1,2,1,2,1,2,1,1,2,2,1,1,2,2,1,2,1,1,0,2,1,1,2,0,1,0,0,0,1,2,1,2,2,1,2,2,1,1,1,1,1,1
675,1,1,2,1,1,0,2,2,0,1,2,1,0,1,2,2,1,1,0,2,1,1,2,1,2,2,2,1,2,0,1,2,2,2,2,2,0,1,2,1,1,2,1,1,2,2,2,2,2,2
676,0,2,1,2,2,2,1,1,0,2,1,0,0,2,1,1,2,2,0,1,0,2,1,2,1,1,1,2,1,2,0,1,1,1,1,1,2,2,1,2,0,1,0,2,1,1,1,1,1,1
677,2,1,2,1,1,1,2,2,2,1,2,2,2,1,2,2,1,1,2,2,0,1,2,1,2,2,0,1,0,1,2,2,2,2,2,2,1,1,2,1,2,2,2,1,2,0,2,2,2,0
678,1,2,1,2,2,2,1,1,1,2,1,1,1,0,1,1,2,2,1,1,0,2,1,2,1,1,0,2,2,2,1,1,1,1,1,1,0,2,1,0,1,1,1,0,1,0,1,1,1,2
679,2,1,2,1,1,1,0,2,0,1,0,0,2,2,0,2,1,1,2,2,2,1,2,1,2,2,2,1,1,1,0,2,2,0,2,2,2,1,2,2,2,2,2,2,2,2,2,0,0,1
680,1,2,1,2,0,2,2,1,2,2,2,2,1,1,2,1,2,2,1,1,1,0,1,2,1,1,1,2,2,2,2,1,1,2,1,1,1,0,1,1,1,1,1,1,1,1,1,2,0,2
681,2,1,2,1,2,1,1,2,1,1,1,1,2,0,1,0,1,1,0,2,2,2,2,1,2,2,2,1,1,1,1,2,2,1,2,0,0,0,2,2,2,2,2,2,2,0,2,1,2,1
682,1,2,1,2,1,2,2,1,0,2,0,2,1,2,2,2,0,2,2,1,1,1,1,2,1,1,1,2,2,0,0,1,1,2,1,0,2,2,1,1,1,1,1,1,1,2,1,2,1,2
683,2,1,2,1,2,1,1,2,2,1,2,1,0,1,1,1,2,1,1,2,2,2,0,1,2,2,2,1,1,2,2,2,2,1,2,2,1,1,2,2,2,2,2,2,2,1,2,1,2,1
684,1,0,1,2,1,2,0,1,1,2,1,2,2,2,0,2,1,2,2,1,1,1,2,2,1,1,1,2,2,1,1,1,1,2,1,1,0,2,1,1,1,1,1,1,1,2,1,2,1,2
685,2,2,2,1,0,1,0,0,0,1,2,1,1,1,2,1,2,1,1,2,2,2,1,1,0,2,2,1,1,2,0,2,2,1,2,2,0,1,2,2,2,0,2,2,2,1,2,1,0,1
686,1,1,1,2,2,2,2,2,2,0,1,2,0,2,1,0,1,2,0,1,1,1,2,2,2,1,1,2,2,1,2,1,1,2,1,1,2,2,1,1,1,2,1,1,1,2,1,2,2,2
687,2,0,2,1,1,1,1,1,1,2,2,1,0,1,2,0,2,1,2,2,0,2,1,1,1,2,0,1,1,2,1,2,2,1,2,2,1,1,0,0,2,1,2,2,2,1,2,1,1,1
688,1,0,1,0,2,2,0,2,0,1,1,0,2,2,1,0,1,2,1,1,2,1,2,2,2,1,0,2,0,1,0,1,1,0,1,1,0,2,0,2,1,2,1,1,1,2,1,0,0,2
689,2,2,2,2,1,1,2,1,0,2,2,0,1,1,2,2,2,1,2,0,1,0,1,1,1,2,2,1,2,2,2,0,0,2,2,0,2,1,2,1,2,1,2,2,0,1,2,2,0,1
690,1,1,1,1,2,0,1,2,2,1,1,2,2,2,1,1,1,2,1,2,2,2,0,2,2,1,1,2,1,1,1,2,2,1,1,2,1,2,1,2,1,2,1,1,2,2,1,1,2,0
691,2,0,2,2,1,2,2,1,1,2,2,1,1,1,2,2,2,1,2,1,1,1,0,1,1,2,2,1,2,2,0,1,1,2,0,1,0,1,2,1,2,1,2,0,1,1,0,2,1,2
692,1,2,1,1,0,1,1,2,0,1,1,2,2,2,1,1,1,2,1,2,2,2,2,2,2,1,1,0,1,1,2,2,2,1,2,2,2,2,1,2,1,2,1,2,2,2,2,1,2,1
693,2,1,2,0,2,2,0,1,2,0,0,1,1,1,2,2,2,1,2,1,1,1,1,1,1,0,2,2,2,2,1,1,1,2,1,1,1,1,2,1,2,1,2,1,1,1,1,0,1,2
694,1,2,1,2,1,1,2,2,1,2,2,2,2,2,1,1,1,2,1,2,2,0,2,2,2,2,1,1,1,1,0,2,2,1,2,2,0,0,1,2,1,2,1,2,2,2,2,0,2,1
695,2,1,2,1,2,2,1,1,0,1,1,1,1,1,2,0,2,1,2,1,1,2,1,1,1,1,2,2,0,2,2,1,1,2,1,1,2,2,2,1,2,1,2,1,1,1,1,2,1,0
696,1,2,1,2,1,1,2,2,0,0,0,2,2,0,1,2,1,0,1,2,2,1,2,2,2,2,1,1,2,1,1,0,2,1,2,2,1,1,1,2,1,2,1,2,2,2,2,1,2,2
697,2,1,2,1,0,0,1,1,2,2,2,1,1,2,0,1,2,2,2,1,1,0,1,1,1,1,2,2,1,2,0,2,1,0,1,1,0,2,2,1,0,1,2,1,1,1,1,2,1,1
698,1,2,1,2,2,2,0,2,1,1,1,2,2,1,0,2,1,1,1,2,2,2,0,2,2,2,1,1,0,1,2,1,2,2,2,2,2,1,1,2,2,2,1,2,2,2,2,1,2,0
699,0,1,2,1,1,1,2,1,0,0,0,1,1,2,2,1,2,2,2,1,1,1,2,1,1,1,0,2,2,2,1,2,1,1,1,1,1,2,2,1,1,1,0,1,1,1,1,2,1,2
700,2,2,1,2,2,2,1,2,0,2,2,2,2,1,1,2,1,1,1,2,2,2,1,2,2,2,2,1,1,1,0,1,2,2,2,0,0,1,1,2,2,2,2,2,2,2,2,1,2,1
701,1,1,2,1,1,1,2,1,2,1,1,1,1,0,0,1,2,2,2,1,1,1,2,1,1,1,1,2,2,2,2,2,1,1,1,2,2,2,2,1,1,1,1,1,1,1,1,2,1,2
702,2,2,1,2,2,2,1,2,1,2,2,2,2,2,0,0,1,1,1,2,0,2,1,2,2,2,0,1,1,1,1,1,2,2,2,1,1,1,1,2,2,2,2,0,2,2,2,1,2,1
703,1,1,2,1,1,1,2,1,0,1,1,1,1,1,2,0,0,2,2,1,2,1,2,1,1,1,0,2,0,0,0,0,1,1,1,2,0,0,2,1,1,1,1,0,1,1,1,0,1,0
704,2,2,1,2,2,0,1,2,2,2,0,2,2,2,1,2,2,1,1,2,1,2,1,2,0,0,0,1,0,2,2,2,2,2,0,1,2,2,1,2,2,2,2,0,2,2,2,2,0,2
705,1,1,2,1,1,2,2,1,1,1,2,1,1,1,2,1,1,2,0,1,2,1,0,1,2,2,2,2,2,1,1,1,1,1,0,2,1,1,2,1,1,1,1,2,1,1,1,1,2,1
706,0,2,1,2,2,1,1,0,0,2,1,2,2,2,1,2,2,1,2,0,1,2,2,2,1,1,1,1,1,0,0,2,2,2,2,1,0,2,1,2,2,2,2,1,0,2,2,2,1,2
707,2,1,2,1,1,0,0,2,2,1,2,1,1,1,2,1,1,2,1,0,2,1,1,1,2,2,2,2,2,2,2,1,1,1,1,0,2,1,2,1,1,1,1,2,2,1,1,1,2,1
708,1,2,1,2,2,2,2,1,1,0,1,2,2,2,1,2,2,1,2,2,1,2,0,2,1,1,1,1,1,1,1,2,2,2,2,0,1,2,1,2,2,2,0,1,1,0,0,0,1,2
709,0,1,2,1,1,1,1,2,0,2,2,1,1,1,2,1,1,0,1,1,2,1,2,1,2,2,2,0,2,2,0,1,1,1,1,0,0,1,2,1,1,1,2,2,2,2,2,2,2,1
710,2,2,1,2,2,2,2,1,2,1,1,2,2,2,1,2,2,2,2,2,1,0,1,2,1,1,1,2,1,1,2,2,2,2,2,2,2,0,1,2,2,0,1,1,1,1,1,1,1,2
711,1,1,0,1,1,1,1,2,1,2,0,1,1,1,0,1,1,1,1,1,2,2,2,1,0,2,2,1,2,2,1,1,1,1,1,1,1,2,2,1,1,0,2,2,0,2,2,2,2,1
712,2,0,2,0,2,2,2,1,0,1,2,2,2,0,2,2,2,2,2,2,1,1,1,2,2,1,1,2,1,1,0,2,2,2,2,0,0,1,1,0,0,2,1,1,2,1,1,1,1,2
713,1,2,1,0,1,1,1,0,2,0,1,1,1,2,1,1,1,1,1,1,2,2,0,1,1,2,2,1,0,2,2,1,1,1,1,2,2,2,2,2,2,1,2,2,1,2,2,2,2,1
714,0,1,2,2,2,0,2,2,1,2,2,2,2,1,2,0,2,2,2,0,1,1,0,2,2,1,1,2,2,1,1,2,2,2,0,1,1,1,1,1,1,0,1,1,0,1,1,1,1,2
715,2,0,1,1,1,2,1,1,0,1,1,1,1,2,1,2,1,1,1,2,2,0,2,1,1,2,2,1,1,2,0,1,1,1,0,2,0,2,2,0,0,2,2,2,0,0,2,2,2,1
716,1,2,2,2,2,1,2,2,2,0,2,2,2,1,2,1,2,2,2,1,1,2,1,2,2,1,1,2,0,1,2,0,0,0,2,1,2,1,1,0,2,1,1,1,2,2,1,1,1,2
717,2,1,1,1,1,2,1,1,1,2,1,1,1,2,1,2,1,1,1,2,2,1,0,1,1,2,0,1,2,2,1,2,2,2,1,2,1,2,2,2,1,0,2,0,1,1,0,2,2,1
718,1,0,2,2,2,1,2,2,0,1,2,0,2,1,2,1,2,2,2,1,1,2,0,2,2,1,2,2,1,1,0,1,1,1,2,1,0,1,1,1,2,2,1,0,2,2,2,1,1,2
719,2,2,1,1,1,2,1,1,2,2,1,2,1,0,1,2,1,1,1,2,2,1,2,1,1,0,1,1,2,2,2,2,2,2,1,0,2,2,0,2,1,1,2,2,1,1,1,2,2,1
720,1,1,2,2,2,1,0,2,1,1,2,1,0,2,2,1,0,2,2,1,1,2,1,2,2,2,0,2,1,1,1,1,1,1,0,2,1,1,2,1,2,2,1,1,2,2,2,1,1,2
721,2,2,1,1,1,0,2,1,0,2,1,2,0,1,1,2,2,1,1,2,0,1,2,1,1,1,0,1,2,0,0,2,2,2,2,1,0,2,1,2,1,1,0,2,1,1,1,2,2,1
722,1,1,2,2,2,2,1,2,2,1,2,1,2,2,2,1,1,2,0,1,2,2,1,2,2,2,2,0,1,2,2,1,1,1,1,2,2,1,2,1,2,2,2,1,2,2,0,1,1,2
723,2,0,1,1,1,1,2,1,1,2,1,2,1,1,1,2,0,1,2,2,1,1,2,1,1,1,1,2,2,1,1,2,2,2,2,1,1,0,1,2,1,1,1,2,1,1,0,0,2,1
724,1,2,2,0,0,0,1,2,0,1,2,1,2,2,2,1,2,0,1,1,2,2,1,2,2,2,2,1,1,2,0,1,1,1,1,2,0,0,2,1,0,0,2,1,0,2,2,2,1,2
725,0,1,1,2,2,2,2,1,0,2,1,2,1,1,1,2,1,2,2,2,1,1,2,1,1,1,1,2,0,1,0,0,2,2,2,1,2,2,1,0,2,2,1,2,2,1,1,1,2,1
726,2,2,0,1,1,1,1,0,2,1,2,1,2,2,2,1,2,1,1,1,2,0,1,2,2,2,2,1,2,2,2,2,1,1,1,2,1,1,2,0,1,1,2,1,1,2,2,2,1,2
727,1,1,2,2,2,2,2,0,1,2,1,2,1,1,1,2,1,0,2,2,1,0,0,1,1,1,1,2,1,1,1,1,2,2,2,1,0,2,1,2,2,2,1,2,2,1,1,1,2,1
728,2,2,1,1,1,1,1,2,0,1,2,1,2,2,2,1,0,2,1,1,0,2,2,2,2,0,2,1,2,0,0,0,1,1,1,0,2,1,2,1,1,1,2,1,1,2,0,0,1,0
729,1,1,0,2,2,2,2,1,0,0,1,2,1,1,1,2,2,1,2,2,2,1,1,1,1,2,1,2,1,2,2,2,2,0,2,0,1,2,1,0,2,2,1,2,2,1,2,2,2,0
730,2,0,2,1,1,1,1,0,2,2,2,1,0,2,0,1,1,2,1,1,1,2,2,2,2,1,2,1,0,1,1,1,1,0,1,2,0,1,2,2,1,1,2,1,1,0,1,1,1,2
731,1,2,1,2,2,2,2,2,1,1,1,2,2,1,2,2,2,1,2,2,2,1,1,1,1,2,1,2,2,0,0,2,2,2,2,1,2,2,1,1,2,2,1,2,2,2,2,2,2,1
732,2,1,2,1,1,1,1,1,0,0,2,1,1,2,1,1,1,2,1,1,1,2,2,2,0,1,2,1,1,0,2,1,1,1,1,2,1,1,2,2,1,1,2,1,1,1,1,1,1,2
733,1,2,1,2,2,2,2,2,2,0,1,2,2,1,0,0,2,1,0,0,2,1,1,1,2,0,1,2,0,0,1,2,2,2,2,1,0,2,1,1,2,2,1,0,2,2,2,2,0,1
734,2,1,2,1,1,1,1,1,1,2,2,1,1,2,2,2,1,2,0,2,1,2,2,2,1,2,2,1,2,2,0,1,1,1,1,2,2,1,2,2,1,1,2,2,1,1,1,1,2,2
735,1,0,1,2,2,2,0,2,0,1,1,2,2,1,1,1,2,1,2,1,2,1,1,1,2,1,1,0,1,1,2,2,2,2,2,1,1,0,1,1,2,2,1,1,2,2,2,0,1,1
736,2,2,2,1,1,1,2,1,0,2,2,1,1,0,2,2,1,2,1,2,1,2,0,2,1,2,0,0,2,2,1,1,1,1,1,0,0,2,2,2,1,1,2,2,1,1,1,2,2,2
737,1,1,1,0,0,0,1,2,0,1,1,2,2,2,1,1,2,1,2,1,2,1,2,1,2,1,2,2,1,1,0,2,2,2,2,0,2,1,1,1,2,2,1,1,2,2,0,1,1,1
738,0,2,2,2,2,2,2,1,2,2,2,1,1,1,2,2,1,2,1,2,1,2,1,2,1,2,1,1,0,2,2,1,1,1,1,2,1,0,2,0,1,1,2,2,1,1,2,2,2,2
739,2,1,1,1,1,1,1,2,1,1,1,0,2,2,1,1,2,1,2,1,2,1,0,1,2,1,2,0,2,1,1,0,2,2,2,1,0,2,1,2,2,2,1,1,2,2,1,1,1,1
740,1,2,2,2,2,2,2,1,0,2,0,2,1,1,0,2,1,2,1,2,1,2,2,2,1,0,1,2,1,2,0,2,1,1,1,2,0,1,2,1,1,1,2,0,1,1,2,0,2,2
741,2,1,1,1,1,1,1,2,0,1,0,1,2,2,2,1,2,1,2,1,2,1,1,1,2,0,2,1,0,1,2,1,2,2,2,1,2,2,1,2,2,0,1,0,2,2,1,2,1,1
742,1,2,2,2,0,2,2,1,2,2,2,2,1,1,1,2,1,2,1,0,1,2,2,0,1,0,1,2,2,2,1,2,1,1,1,2,1,1,2,1,1,0,2,2,1,1,2,1,0,2
743,2,1,1,1,0,1,1,2,1,1,1,1,2,2,2,1,2,1,2,2,2,1,1,2,2,2,0,1,1,1,0,1,2,0,2,1,0,0,1,2,0,2,1,1,0,0,1,2,2,1
744,1,2,2,2,2,2,0,1,0,2,0,2,1,1,1,2,1,2,1,1,1,2,0,1,1,1,2,2,2,2,0,2,1,0,1,2,2,0,0,1,2,1,2,0,2,0,2,1,1,0
745,0,1,1,1,1,1,2,2,0,1,2,1,2,0,2,1,2,1,2,2,2,1,2,2,2,2,1,1,1,1,2,1,2,2,0,1,1,2,0,2,1,2,1,2,1,2,1,2,2,0
746,2,2,2,2,0,2,1,1,2,2,1,0,1,2,1,2,1,2,1,1,1,2,1,1,1,1,0,2,2,2,1,2,1,1,0,0,0,1,0,1,2,1,2,1,2,1,2,1,1,2
747,1,1,1,1,0,1,2,2,1,1,2,0,2,1,2,1,2,1,0,2,2,1,2,2,0,2,2,1,1,1,0,1,0,0,2,2,2,2,2,0,1,2,1,0,1,2,1,2,2,1
748,2,0,2,2,0,2,1,1,0,2,1,2,1,2,1,2,1,2,2,1,1,2,1,1,0,1,1,2,2,2,0,2,2,2,1,1,1,1,1,2,2,1,2,2,2,1,2,1,1,0
749,1,0,1,1,2,1,2,2,0,1,0,1,2,1,2,1,2,1,1,2,2,1,2,2,2,2,2,1,1,1,2,1,1,1,0,0,0,2,0,1,1,2,1,1,1,2,1,2,0,0
750,2,2,2,0,1,2,1,1,2,2,2,2,1,2,1,2,1,2,0,1,1,2,1,1,1,1,1,0,2,2,1,0,0,2,2,2,2,1,2,2,0,1,2,2,2,1,2,1,2,2
751,1,1,1,2,2,1,2,2,1,1,1,1,2,1,0,1,2,1,2,0,2,1,0,2,2,2,2,2,1,1,0,2,2,1,1,1,1,2,1,1,2,2,1,1,1,2,1,2,1,1
752,2,2,2,1,1,2,1,1,0,2,2,2,1,2,2,2,1,2,1,2,1,2,2,1,1,1,1,1,2,2,2,1,1,2,2,2,0,1,0,2,1,1,2,2,0,1,2,1,2,2
753,1,1,1,2,2,1,0,2,0,1,1,1,0,1,1,1,0,1,2,1,2,1,1,2,2,2,2,2,1,1,1,2,2,1,1,1,2,2,2,1,2,2,1,1,2,2,1,2,1,1
754,2,2,2,1,1,2,2,1,2,2,2,2,0,2,2,2,0,2,1,0,1,2,2,1,1,1,1,1,2,2,0,1,1,2,2,2,1,1,1,2,1,1,2,2,1,1,0,1,2,2
755,1,1,1,2,2,1,1,2,1,1,1,1,0,1,1,1,2,1,2,2,0,1,1,2,2,2,2,2,1,1,2,2,2,1,1,1,0,2,2,1,2,0,1,1,2,2,0,2,1,1
756,2,0,2,1,1,2,2,1,0,2,2,2,0,2,2,2,1,2,1,1,2,2,2,1,1,1,1,1,2,0,1,1,1,2,2,2,2,1,1,2,1,2,2,2,1,1,2,1,2,2
757,1,2,1,0,2,1,1,0,2,1,1,1,2,1,1,1,2,1,2,2,1,1,1,2,2,0,0,2,1,0,0,2,2,1,1,1,1,2,2,1,0,1,1,1,2,2,1,2,1,1
758,0,1,2,2,1,2,2,2,1,2,2,2,1,2,2,0,1,2,1,1,2,2,2,1,1,2,0,1,2,2,2,1,1,2,0,2,0,1,1,0,2,2,2,2,1,1,2,1,2,2
759,2,2,1,1,2,1,1,1,0,1,1,1,2,1,1,2,2,1,0,2,1,1,1,2,2,1,2,2,1,1,1,0,0,1,2,1,2,2,0,2,1,1,1,1,2,2,1,2,1,1
760,1,1,2,2,1,0,2,0,2,0,2,2,1,2,2,1,1,2,0,1,2,2,2,1,1,2,1,1,2,0,0,2,2,2,1,2,1,1,2,1,2,2,2,2,1,1,2,1,2,2
761,2,2,1,1,2,0,1,2,1,0,1,1,2,1,1,2,2,1,0,2,1,1,1,2,0,1,2,2,1,2,2,1,1,1,2,1,0,2,1,0,1,1,1,1,2,2,1,2,1,1
762,1,1,0,2,1,0,0,1,0,2,2,2,1,2,2,1,1,2,2,1,2,2,2,1,2,2,1,1,0,1,1,2,2,2,1,2,2,1,2,2,0,2,2,2,1,1,2,1,0,2
763,2,2,2,1,0,2,2,0,2,1,1,1,2,1,1,2,2,1,1,2,1,1,1,2,1,1,2,2,2,2,0,1,1,1,2,1,1,2,1,1,2,1,1,1,0,2,1,2,2,1
764,1,1,1,2,2,1,1,2,1,0,2,2,1,2,0,1,1,2,0,1,2,2,2,1,0,2,1,1,1,1,2,2,0,0,1,0,0,1,2,2,1,0,2,2,2,1,2,1,1,2
765,0,2,2,1,1,2,2,1,0,2,1,1,0,1,2,0,2,1,2,2,1,1,1,2,2,1,2,2,2,2,1,1,2,0,2,2,0,0,1,1,2,2,1,1,1,2,1,2,2,1
766,2,1,1,2,2,1,1,2,2,1,2,2,2,2,1,2,1,2,1,1,2,2,2,1,1,2,1,1,1,1,0,2,1,2,1,1,0,2,2,2,1,1,0,2,0,1,2,1,1,2
767,1,0,0,1,1,2,0,1,1,2,1,1,1,1,2,1,0,1,0,0,1,1,1,2,2,1,2,0,2,2,0,1,2,1,2,2,0,1,1,1,2,0,2,1,2,2,1,2,2,1
768,0,2,2,2,2,1,2,2,0,1,2,2,2,2,1,2,2,2,2,2,2,0,2,1,1,0,1,2,1,1,2,2,1,2,1,1,2,2,2,2,1,2,1,2,1,1,2,1,1,2
769,2,1,1,1,1,2,1,1,2,2,1,1,1,1,0,1,1,1,1,1,1,2,1,2,0,2,0,1,2,2,1,1,2,1,2,2,1,1,1,1,0,1,0,1,2,2,1,2,2,1
770,1,2,2,2,2,1,2,2,1,1,2,2,2,2,2,2,2,2,2,2,2,1,0,1,0,1,2,2,1,1,0,2,1,2,1,1,0,2,2,2,2,0,2,2,1,1,2,1,1,2
771,2,1,1,1,1,2,1,1,0,2,1,1,1,1,1,1,1,1,1,1,1,2,2,0,2,2,1,1,0,2,2,1,2,1,2,2,2,1,1,1,1,2,1,1,2,2,1,0,2,1
772,1,2,2,0,2,1,2,0,0,1,0,2,2,0,2,0,2,2,2,0,2,1,1,0,1,1,2,2,2,1,1,2,1,0,1,1,1,2,2,2,2,1,2,2,1,1,2,2,1,2
773,2,1,1,2,1,2,1,2,0,2,2,1,1,2,1,0,1,1,1,0,1,2,2,2,2,2,1,1,1,2,0,1,0,2,2,0,0,1,1,1,1,2,1,1,0,0,1,1,2,1
774,1,2,2,1,2,1,2,1,2,1,1,0,0,1,2,2,2,2,2,0,2,1,1,1,1,1,2,0,2,1,0,2,0,1,1,0,2,2,2,2,0,1,2,0,2,2,2,2,1,2
775,2,1,1,2,1,2,1,2,1,2,2,0,0,2,1,1,1,1,1,0,1,2,2,0,2,2,1,2,1,2,2,1,2,2,2,2,1,1,1,1,2,2,1,2,1,1,1,1,0,1
776,1,2,2,1,2,1,2,1,0,1,1,2,2,1,2,2,2,2,2,2,2,1,1,2,1,1,2,1,0,1,1,2,1,1,1,1,0,2,2,2,1,1,2,1,0,2,2,2,0,2
777,2,1,1,2,1,2,1,2,0,0,2,1,1,2,1,1,1,1,1,1,1,2,2,1,2,2,1,2,2,2,0,1,2,2,2,2,0,1,1,1,2,2,1,0,2,1,1,1,0,1
778,1,2,0,1,2,1,2,1,2,2,1,0,0,1,2,0,2,2,2,2,2,1,1,2,1,1,2,1,1,1,2,2,1,1,1,1,0,2,2,2,1,1,2,2,1,0,2,2,2,2
779,2,1,2,2,1,2,1,0,1,1,2,2,2,2,1,2,1,1,1,1,1,2,0,1,2,2,1,2,2,2,1,1,2,0,2,0,2,1,1,1,2,2,1,1,2,2,1,1,1,1
780,1,0,1,1,2,1,2,2,0,2,1,1,1,1,0,1,2,0,0,2,2,1,0,2,1,1,2,1,1,1,0,2,1,2,1,0,1,2,0,2,1,1,2,2,1,1,2,2,2,2
781,2,2,0,2,1,2,1,1,2,1,2,2,2,0,2,2,1,2,2,1,1,2,2,1,0,2,1,2,2,2,0,1,2,1,0,2,0,1,2,1,0,2,1,1,2,2,1,1,1,1
782,1,1,2,1,2,1,2,2,1,2,1,1,1,0,1,1,0,1,1,2,2,1,1,0,0,1,2,1,1,1,2,2,1,2,2,1,2,2,1,2,2,1,2,2,1,1,2,2,2,0
783,2,0,1,2,1,2,1,1,0,1,2,2,2,2,0,2,2,2,2,1,1,0,2,2,2,2,1,0,2,2,1,1,2,1,1,2,1,1,2,1,1,2,1,1,2,2,1,1,1,2
784,1,2,2,1,2,1,2,2,2,0,1,1,1,1,2,1,1,1,1,2,2,2,1,1,1,1,2,2,1,1,0,2,1,2,2,1,0,2,1,2,2,1,0,0,1,1,2,0,2,1
785,2,1,1,2,1,2,1,1,1,2,2,2,2,2,1,2,2,0,0,1,1,1,2,2,2,2,1,1,2,0,2,1,0,1,1,0,2,1,0,1,1,2,0,2,2,2,1,2,1,2
786,1,2,2,1,0,1,0,2,0,1,1,1,1,1,2,1,1,2,2,2,2,2,1,1,1,1,0,2,1,2,1,2,2,2,2,2,1,2,2,2,2,1,2,1,1,1,2,1,2,1
787,2,1,1,0,2,2,0,1,2,2,2,2,2,0,1,2,2,1,1,1,1,1,2,2,2,2,2,1,2,1,0,1,1,1,1,1,0,1,1,1,1,2,1,0,2,0,1,2,1,2
788,1,2,2,2,1,1,2,0,1,1,1,1,1,2,2,1,1,2,2,2,2,2,1,1,1,1,1,2,1,2,2,2,2,2,2,2,2,0,2,2,2,1,2,0,1,2,2,1,2,1
789,2,1,1,1,2,0,1,2,0,2,2,0,2,1,1,2,0,1,1,1,1,1,2,2,2,2,2,1,2,1,1,1,1,1,1,1,1,2,1,1,1,2,1,2,2,1,1,2,1,0
790,1,2,0,2,1,0,0,1,0,1,1,2,1,2,2,1,2,2,2,2,2,0,1,1,1,1,1,2,1,2,0,0,0,0,2,2,0,1,2,2,2,1,2,1,1,2,2,1,0,2
791,2,1,2,1,0,2,2,0,2,2,2,1,2,1,1,0,1,1,1,1,1,2,2,2,0,2,2,1,2,1,0,0,2,0,1,1,0,0,1,1,1,2,1,2,0,1,1,2,2,1
792,1,2,1,0,2,1,1,2,1,1,1,2,1,2,2,2,0,0,2,2,2,1,1,1,0,1,1,2,1,2,2,0,1,2,2,2,2,0,2,2,2,1,2,1,2,2,2,1,1,2
793,2,1,2,2,1,2,2,1,0,2,2,1,2,1,1,1,0,2,1,1,1,2,2,2,2,2,2,1,2,1,1,0,2,1,1,1,1,2,1,1,1,2,1,0,1,1,1,2,2,1
794,1,0,1,1,2,1,1,2,2,1,1,2,1,2,2,2,2,1,2,2,0,1,1,1,1,1,1,0,1,0,0,2,1,2,0,2,0,1,2,2,0,1,2,2,0,0,0,1,1,2
795,0,2,2,2,1,2,2,1,1,0,2,1,2,1,1,1,1,2,1,1,2,0,0,2,2,2,2,2,2,2,2,1,2,1,2,1,2,2,1,1,2,2,1,1,2,2,2,0,0,1
796,0,1,1,1,2,1,1,2,0,2,1,2,1,2,2,2,2,1,2,2,1,2,2,1,1,1,1,1,1,1,1,2,1,0,1,2,1,1,2,0,1,1,2,2,1,1,1,2,2,0
797,0,0,2,2,1,0,0,1,2,1,2,1,2,1,1,1,1,0,1,1,2,1,1,0,2,2,2,2,2,2,0,1,2,2,2,1,0,0,1,0,0,2,1,1,0,2,2,1,1,2
798,2,2,1,1,2,2,2,2,1,2,1,2,1,0,2,2,0,2,2,2,1,2,2,0,1,1,1,1,1,1,0,2,1,1,1,2,2,0,0,2,2,1,2,2,2,1,1,2,0,1
799,1,1,2,2,1,1,1,1,0,1,2,1,2,0,1,1,2,1,1,1,2,1,1,2,2,2,2,2,2,2,0,1,2,2,2,1,1,0,2,1,1,2,1,1,1,2,2,1,0,2
800,2,2,1,1,2,0,0,2,2,0,1,2,1,2,2,0,1,0,2,0,1,2,0,1,1,1,1,1,1,1,2,2,1,1,1,2,0,0,1,2,2,1,2,0,2,1,1,2,0,1
801,1,1,2,2,1,2,2,1,1,0,2,1,2,1,1,2,2,2,1,2,2,1,0,2,2,2,0,2,2,2,1,1,2,2,2,1,2,2,2,1,1,2,1,2,1,2,2,1,0,2
802,2,2,1,1,2,1,1,2,0,0,1,2,1,0,2,1,1,1,2,1,1,0,2,1,1,1,2,1,1,1,0,2,1,1,1,2,1,1,1,0,2,1,2,1,2,1,1,2,2,1
803,1,1,0,2,1,0,2,1,2,0,2,1,2,2,1,2,2,2,1,2,2,0,1,2,2,2,1,2,2,2,2,1,2,2,2,1,0,0,2,2,1,2,1,0,1,0,2,1,1,2
804,2,0,2,1,0,2,1,2,1,2,1,0,1,1,2,1,1,1,0,1,1,2,2,1,1,1,2,1,1,1,1,2,1,1,1,2,2,0,1,1,2,1,2,0,2,2,1,2,2,1
805,1,2,1,2,2,1,2,1,0,1,2,2,0,0,1,2,2,2,2,0,2,1,1,0,2,2,1,2,2,0,0,1,2,0,2,1,1,2,0,2,1,2,1,2,1,1,0,1,1,2
806,2,1,2,1,1,0,1,2,2,2,1,1,2,2,2,1,1,1,1,2,1,2,2,0,1,1,2,1,1,2,2,2,1,0,1,0,0,1,0,1,2,1,2,1,2,2,2,2,2,1
807,1,0,1,2,2,2,2,1,1,1,0,2,1,1,1,0,2,2,2,1,2,1,1,0,2,0,1,2,2,1,1,1,2,0,2,2,2,2,0,2,1,2,1,2,1,1,1,1,1,2
808,2,2,0,1,1,1,1,2,0,2,2,1,0,2,2,2,1,1,1,2,1,2,0,0,1,2,2,1,1,2,0,2,1,0,1,1,1,1,2,1,2,1,2,1,2,0,2,0,2,1
809,1,1,2,0,2,2,2,1,2,1,1,0,2,1,1,1,2,2,2,1,2,1,2,2,2,1,1,2,2,1,2,1,2,2,0,2,0,2,1,2,1,2,1,2,1,2,1,2,1,2
810,2,2,1,0,1,1,1,2,1,0,2,0,1,2,2,2,1,1,1,2,1,2,1,1,1,2,2,1,1,2,1,2,1,1,2,1,0,1,2,1,2,1,2,1,2,1,2,1,2,1
811,1,1,2,2,2,2,0,1,0,0,1,2,0,1,1,1,2,2,2,1,2,1,2,2,2,1,1,2,2,1,0,1,2,0,1,2,0,2,1,2,1,2,1,2,1,2,1,2,1,2
812,0,2,1,1,1,1,2,2,0,2,2,1,2,0,2,2,1,1,1,2,1,2,1,1,1,0,0,1,1,2,2,0,1,2,2,1,2,1,2,1,0,1,2,1,2,1,0,1,2,1
813,0,1,2,2,2,0,1,1,2,1,1,2,1,2,1,1,2,2,2,1,2,1,2,2,0,2,2,2,2,1,1,2,2,1,1,2,1,2,1,0,2,2,1,2,1,2,2,2,1,2
814,2,0,1,1,1,0,2,2,1,2,2,1,2,1,2,2,1,1,1,0,1,2,1,1,0,1,1,1,1,2,0,1,1,2,2,1,0,1,2,2,1,1,2,1,2,1,1,1,2,1
815,1,0,2,2,2,0,1,1,0,1,1,0,1,2,1,1,2,2,0,0,2,1,2,2,2,2,2,0,2,1,2,2,2,1,1,2,2,0,1,1,2,2,1,2,1,2,2,2,1,2
816,2,2,1,1,1,0,2,2,2,2,2,2,2,1,0,2,1,1,2,0,1,2,1,1,1,1,1,2,1,0,1,1,1,2,2,1,1,2,0,2,1,1,2,1,2,1,1,1,2,1
817,1,1,0,2,0,2,1,1,1,1,1,1,1,2,2,1,2,2,1,2,2,1,2,2,2,2,0,1,0,2,0,2,0,1,1,2,0,1,2,1,2,0,1,2,1,2,2,2,1,0
818,2,2,2,1,2,1,2,2,0,2,2,0,2,1,1,0,1,1,2,1,1,2,1,1,1,1,2,2,2,1,2,1,2,2,2,1,2,2,1,2,1,2,2,1,2,1,1,1,2,2
819,1,1,1,2,1,0,1,1,2,1,1,2,1,2,2,2,2,0,1,2,2,1,0,2,2,2,1,1,1,2,1,2,1,1,1,2,1,1,2,1,2,1,1,0,1,0,2,2,1,1
820,2,0,2,1,2,2,2,2,1,2,2,1,2,1,1,1,1,2,2,1,1,2,0,1,1,1,2,2,2,1,0,1,2,2,2,1,0,2,1,2,1,2,2,2,2,2,1,1,2,2
821,1,2,1,0,1,1,1,1,0,1,1,0,1,2,2,2,2,1,1,2,2,1,2,2,2,0,1,1,1,0,2,0,1,1,1,0,0,1,2,1,2,1,1,1,1,1,2,2,1,1
822,2,1,0,2,2,2,2,0,2,0,0,2,2,1,1,1,1,0,2,1,1,0,1,1,1,0,2,2,2,2,1,0,0,2,2,0,2,2,1,2,1,2,2,2,0,2,1,1,2,2
823,1,2,2,1,1,1,1,2,1,0,2,1,1,2,0,2,2,2,1,2,0,2,2,2,0,2,1,1,1,1,0,2,2,1,1,0,1,1,2,1,2,1,1,1,0,1,2,2,1,1
824,2,1,1,2,2,2,2,1,0,2,1,2,0,1,0,1,1,1,2,1,2,1,1,1,2,1,0,0,2,2,2,1,1,2,2,2,0,2,1,0,1,2,2,0,2,2,1,1,0,2
825,1,2,2,1,1,1,1,2,2,1,2,1,2,0,2,2,2,2,1,2,1,2,2,0,1,2,2,2,1,1,1,2,0,1,1,1,2,1,0,2,2,1,1,2,1,1,2,2,2,1
826,2,1,1,2,2,2,2,1,1,0,1,2,1,2,1,1,1,1,0,1,2,1,1,2,0,1,1,1,2,2,0,1,0,2,0,2,1,0,2,1,1,2,2,1,2,2,1,1,1,2
827,1,2,2,1,1,1,1,2,0,2,0,1,2,1,2,0,2,2,2,2,1,0,0,1,0,2,2,0,1,1,2,2,0,1,0,1,0,2,1,2,2,1,1,2,1,1,2,2,2,1
828,2,1,1,2,0,2,2,1,2,1,2,2,1,2,1,0,1,1,1,1,0,2,2,2,2,1,1,2,2,2,1,1,0,2,2,2,2,1,2,1,1,2,2,1,2,0,1,1,1,2
829,1,2,2,1,2,1,1,2,1,2,1,1,2,1,2,2,2,2,2,2,2,1,1,1,1,2,0,1,1,1,0,2,2,1,1,1,1,2,1,2,2,1,1,2,1,2,2,2,2,1
830,2,1,1,2,1,2,2,1,0,1,2,2,1,0,1,1,1,1,1,1,1,2,0,2,0,1,2,2,2,2,2,1,1,2,2,0,0,1,2,1,1,0,2,1,2,1,1,1,1,2
831,1,2,2,1,2,1,1,2,2,0,1,1,0,2,2,0,2,2,2,0,2,1,0,1,2,2,1,1,1,1,1,2,2,1,1,2,2,2,1,2,2,2,1,2,1,2,2,2,2,1
832,2,1,1,2,1,0,2,1,1,2,2,2,2,1,1,2,1,1,1,2,1,2,0,0,1,1,2,2,0,2,0,1,1,2,2,1,1,1,2,1,1,1,2,1,2,1,1,1,1,2
833,1,2,2,1,2,0,1,0,0,1,1,1,1,2,0,1,2,0,2,1,2,1,2,2,2,2,1,1,2,1,2,2,0,1,1,2,0,2,1,2,0,2,1,2,1,2,2,2,0,1
834,2,1,1,2,1,2,2,2,2,2,2,2,0,1,2,2,1,2,1,2,1,2,1,1,1,1,2,2,1,0,1,1,2,2,2,1,0,1,2,1,0,1,2,1,0,1,1,1,2,2
835,1,2,2,1,0,1,1,1,1,1,1,1,2,2,1,1,0,1,2,1,2,1,2,2,0,2,1,1,2,2,0,2,1,1,1,2,0,2,1,2,0,2,1,2,2,2,0,0,1,1
836,2,1,1,2,2,2,0,2,0,0,2,0,1,1,2,2,0,0,1,2,1,2,1,1,2,1,0,2,1,1,2,1,2,0,2,1,0,1,2,1,2,1,2,1,1,1,2,2,2,0
837,1,2,2,1,1,1,0,1,2,2,1,2,2,2,1,1,2,2,2,1,2,1,2,2,1,2,2,1,2,0,1,2,1,2,1,2,0,2,1,2,1,0,1,0,2,2,1,1,1,2
838,0,1,1,0,2,2,2,2,1,1,2,1,1,1,2,2,1,1,1,2,1,2,1,1,2,1,1,2,1,2,0,1,2,1,2,1,2,1,2,1,2,2,0,2,1,1,2,2,2,1
839,2,2,2,2,1,1,1,1,0,2,1,2,2,2,1,1,0,2,2,1,2,1,2,2,1,2,2,1,2,1,2,2,1,2,1,2,1,2,1,2,1,1,0,1,2,2,1,1,1,2
840,1,1,1,1,2,0,2,0,0,1,2,1,1,1,2,2,0,1,1,2,1,2,1,1,2,1,1,2,1,2,1,1,2,1,0,1,0,1,2,1,2,2,0,0,1,1,2,2,2,1
841,2,2,2,2,1,0,1,2,2,2,1,2,2,2,1,1,2,0,2,1,2,1,2,0,1,0,2,1,2,1,0,2,1,2,2,2,2,2,1,0,1,1,2,2,0,2,1,1,1,2
842,1,1,1,1,2,2,2,1,1,1,2,1,1,1,2,2,1,2,1,2,1,2,1,0,2,0,1,2,1,2,0,1,0,1,1,1,1,1,2,2,2,2,1,1,0,1,2,2,2,1
843,2,2,0,2,1,1,1,2,0,0,1,2,2,2,1,1,0,1,2,1,2,1,0,2,1,2,2,1,0,1,2,2,2,2,2,2,0,2,1,1,1,1,2,2,0,2,1,1,1,0
844,1,1,2,1,2,0,2,1,0,2,2,1,1,1,2,2,2,0,1,2,1,2,2,1,2,1,1,2,2,2,1,1,1,1,1,1,2,1,0,2,2,2,1,1,2,1,2,2,2,2
845,2,2,1,2,1,2,1,2,2,1,1,2,2,2,1,1,1,2,2,1,2,1,1,2,1,2,2,1,1,1,0,2,2,0,2,2,1,2,2,1,1,1,0,0,1,0,1,1,1,1
846,1,1,2,1,2,1,0,1,1,0,2,1,1,1,2,0,2,1,1,2,1,2,2,1,2,1,1,2,2,0,2,1,1,2,1,1,0,1,1,2,2,2,2,2,2,2,0,2,2,2
847,2,2,1,2,1,2,2,0,0,2,1,0,2,2,1,2,1,2,0,1,0,1,1,2,1,2,0,1,1,2,1,2,2,1,2,2,2,2,2,1,1,1,1,1,1,1,2,1,1,1
848,1,1,2,1,2,1,1,2,2,1,2,0,1,1,2,1,0,1,2,2,2,0,2,1,2,1,0,2,2,1,0,1,1,2,1,1,1,1,1,2,2,2,2,2,0,2,1,2,2,0
849,2,2,1,2,1,2,2,1,1,2,1,2,0,0,1,2,0,2,1,1,1,2,1,2,1,2,2,1,1,2,2,0,2,1,2,2,0,0,2,1,1,1,1,1,2,1,0,1,1,0
850,1,1,0,1,2,1,1,2,0,1,2,1,2,2,2,1,0,1,0,2,2,1,0,1,0,1,1,2,2,1,1,2,1,2,1,1,2,2,1,2,2,2,2,2,1,2,2,0,2,2
851,2,2,2,2,1,2,0,1,2,2,1,2,1,1,1,2,2,2,2,1,1,2,2,2,2,0,2,1,1,0,0,1,2,1,2,2,1,1,2,1,1,1,1,1,2,1,1,2,1,1
852,1,1,1,1,2,1,2,2,1,1,2,1,0,2,2,1,1,1,1,2,0,1,1,1,1,2,1,2,2,2,2,2,1,0,1,1,0,2,1,2,2,0,2,2,1,2,2,1,0,2
853,0,2,0,2,1,2,1,1,0,2,1,0,0,1,1,2,0,0,0,1,2,2,2,2,2,1,2,1,1,1,1,1,2,2,2,2,2,1,2,1,1,2,1,1,2,1,1,2,0,1
854,2,1,2,1,2,1,2,2,0,1,2,2,0,2,2,1,2,0,0,2,1,1,1,1,1,2,1,2,0,2,0,2,1,1,1,1,1,2,1,0,0,1,0,0,1,2,2,1,2,2
855,1,2,1,2,1,2,1,1,2,2,1,1,2,1,1,2,1,2,2,1,0,2,2,2,0,1,2,1,0,1,2,1,0,0,2,0,0,1,0,0,2,0,2,2,2,1,1,0,1,1
856,2,1,2,1,2,1,2,2,1,1,2,2,1,0,2,1,0,1,1,2,0,1,1,1,0,2,1,2,2,2,1,2,2,0,1,2,2,0,2,2,1,2,1,1,1,2,2,2,2,2
857,1,2,1,2,1,2,1,1,0,0,1,1,2,0,1,0,0,2,2,1,2,0,0,2,2,1,2,1,1,1,0,1,1,2,2,1,1,2,1,1,2,1,2,0,2,1,1,1,1,1
858,2,1,2,1,2,1,2,0,2,2,2,0,1,2,2,2,0,1,1,2,1,2,2,1,1,2,1,2,2,2,2,2,2,1,1,2,0,1,2,2,1,2,1,2,1,2,2,0,2,0
859,1,2,1,2,1,2,1,2,1,1,1,2,2,1,1,1,2,0,2,1,0,1,1,0,2,1,2,1,1,1,1,1,1,2,2,1,2,2,1,1,2,1,2,1,2,1,1,2,1,0
860,2,1,2,1,2,1,2,1,0,2,0,1,1,2,2,2,1,2,1,2,2,2,2,2,1,2,1,2,2,0,0,2,2,1,1,2,1,1,2,2,1,2,1,2,1,2,2,1,2,2
861,1,0,1,2,1,2,1,2,2,1,2,2,2,1,1,1,2,1,2,1,1,1,1,1,2,1,2,1,1,2,0,1,1,2,2,1,0,2,1,1,2,1,0,1,0,1,1,2,1,1
862,2,2,2,1,2,1,2,1,1,0,1,1,1,2,2,2,1,0,1,2,2,2,2,2,1,2,1,2,2,1,2,2,2,1,1,2,2,1,2,2,1,2,2,2,2,2,2,1,2,2
863,1,1,1,2,1,2,1,2,0,2,2,2,2,1,1,1,0,2,2,1,1,1,1,1,2,1,2,1,1,2,1,1,1,2,2,1,1,2,1,1,2,1,1,1,1,1,1,2,1,1
864,0,2,2,1,2,1,2,1,2,1,1,1,1,2,0,2,2,1,1,2,2,2,2,2,1,2,1,2,2,1,0,2,2,1,1,2,0,1,2,2,1,2,2,0,2,2,2,1,2,2
865,2,1,1,0,1,2,1,2,1,0,2,2,2,1,0,1,1,2,0,1,1,1,1,1,2,1,2,1,1,0,2,1,1,2,2,1,2,2,1,1,2,1,1,2,1,1,1,2,1,1
866,1,2,2,2,0,1,2,1,0,2,1,1,1,2,2,2,2,1,2,0,2,2,2,2,1,2,1,2,2,2,1,2,2,1,1,2,1,1,2,2,1,2,2,1,2,0,0,1,2,2
867,2,1,1,1,2,2,1,2,2,1,2,0,2,1,1,1,1,2,1,2,1,1,1,1,0,1,2,1,1,1,0,1,1,2,2,1,0,0,1,1,2,1,1,2,1,2,2,2,1,1
868,1,0,2,2,1,1,2,1,1,0,1,2,1,2,2,2,0,1,2,1,2,2,2,2,0,2,1,2,2,0,2,0,2,1,1,2,2,0,0,2,1,2,0,1,2,1,1,1,0,2
869,2,0,1,1,0,2,1,2,0,2,0,1,2,1,1,1,0,2,1,0,1,1,1,1,2,1,0,1,1,0,1,2,1,2,2,1,1,2,0,1,2,1,2,0,1,2,2,2,2,1
870,1,2,2,2,2,1,2,1,2,1,2,2,1,2,2,0,2,1,2,2,2,2,0,2,1,2,0,2,2,2,0,1,0,1,1,2,0,1,2,2,1,0,1,0,2,1,1,1,1,2
871,2,1,1,1,1,2,1,0,1,2,1,1,2,1,1,2,1,2,1,1,1,1,2,1,2,1,2,1,1,1,2,0,0,2,0,1,2,2,1,1,2,0,2,2,1,0,2,2,0,1
872,1,2,2,0,2,1,2,0,0,1,2,2,1,2,0,1,2,1,2,2,0,2,1,2,1,0,1,2,2,2,1,2,0,1,2,2,1,1,2,2,1,2,1,1,0,0,1,1,2,2
873,2,1,1,2,1,2,1,2,2,2,1,1,0,1,2,0,1,2,1,1,2,1,0,1,0,2,2,1,1,1,0,1,0,2,1,1,0,2,1,1,0,1,2,2,0,2,2,2,1,1
874,1,0,2,1,2,1,2,1,1,1,0,0,2,2,1,2,2,1,2,2,1,0,2,2,0,1,1,2,2,2,2,2,2,1,0,2,2,1,2,0,2,0,1,1,2,1,1,1,2,2
875,0,2,1,2,1,2,1,0,0,2,2,0,1,1,2,1,1,2,1,1,2,2,1,1,0,0,2,1,1,1,1,1,1,2,2,1,1,2,1,2,1,2,2,2,1,2,2,2,1,1
876,2,1,2,1,2,1,0,2,2,1,1,2,2,0,1,2,2,1,2,2,1,1,2,2,2,2,1,2,2,2,0,0,2,1,1,0,0,1,2,1,2,1,1,1,2,1,1,1,2,2
877,1,2,1,0,1,2,2,1,1,2,2,1,1,2,0,1,1,2,1,1,2,2,1,1,1,1,2,1,1,1,2,2,1,2,2,2,2,2,1,2,1,2,2,2,1,0,2,2,1,1
878,2,1,2,2,2,1,1,2,0,1,1,2,2,1,2,2,2,1,2,0,1,1,2,2,2,0,1,0,2,0,1,1,2,1,1,1,1,1,2,1,0,1,1,1,2,2,1,1,2,2
879,1,0,1,1,1,2,0,1,2,2,2,1,1,2,1,1,1,2,1,0,2,2,1,1,1,2,2,0,1,2,0,0,1,0,0,2,0,2,1,2,0,2,2,2,1,1,2,2,1,1
880,2,2,2,0,2,1,2,2,1,1,1,0,0,1,2,0,2,1,2,2,1,1,2,2,2,1,1,2,2,1,2,2,2,2,2,1,2,1,2,1,2,1,1,1,2,2,1,1,2,2
881,1,1,1,2,1,0,1,1,0,2,2,2,2,2,1,2,1,2,1,1,2,2,1,1,1,2,2,1,1,2,1,1,1,1,1,2,1,2,1,2,1,0,2,2,1,1,2,0,1,1
882,2,2,2,1,0,0,2,2,2,1,1,1,1,1,2,1,2,1,0,2,1,1,2,2,0,1,1,2,2,1,0,2,0,2,2,1,0,1,0,1,2,2,1,1,2,2,1,2,2,2
883,1,1,1,2,2,0,1,1,1,2,0,2,2,2,1,2,1,0,2,1,2,2,1,1,2,2,2,1,1,2,0,1,2,1,1,0,2,0,2,0,1,1,2,2,1,1,0,1,1,1
884,2,2,2,1,1,0,2,2,0,1,0,1,1,1,2,1,2,2,1,0,1,1,2,2,1,1,1,2,2,1,0,2,1,2,2,0,1,2,1,0,2,2,1,1,0,2,2,0,0,2
885,1,1,1,2,2,2,1,1,2,2,2,2,2,2,1,2,1,1,0,2,2,2,1,1,2,2,0,1,1,2,2,1,2,1,1,2,0,1,2,2,1,1,2,2,2,1,1,2,2,1
886,2,2,2,1,1,1,2,0,1,1,1,1,1,1,2,1,0,2,2,1,1,1,2,2,1,1,2,2,2,1,1,2,1,2,2,1,2,2,1,1,2,0,1,1,1,2,0,1,1,2
887,1,1,1,2,0,0,1,2,0,2,2,0,2,0,1,2,2,1,1,0,2,2,1,1,2,2,1,1,1,2,0,1,2,1,1,2,1,1,2,2,1,2,0,2,0,1,0,2,2,1
888,2,2,2,1,2,2,2,1,2,1,1,2,1,2,2,1,1,0,0,2,1,1,2,2,1,1,0,2,2,1,0,2,1,0,0,1,0,0,1,1,2,1,2,1,2,2,2,1,1,2
889,1,1,1,2,1,1,1,2,1,2,0,1,2,1,1,2,2,2,2,1,2,2,1,1,2,2,2,1,1,2,2,1,2,2,2,2,2,2,2,2,1,2,1,2,1,1,1,2,0,1
890,2,2,2,1,2,2,2,1,0,1,0,2,1,0,0,1,1,1,1,2,1,1,2,2,1,1,1,2,2,1,1,2,1,1,1,1,1,1,1,1,2,1,2,1,2,2,2,1,2,2
891,1,1,1,2,1,1,1,2,2,2,2,1,2,2,0,2,0,2,2,1,0,2,1,1,2,2,2,1,1,2,0,1,2,2,2,2,0,2,2,0,1,2,1,2,1,1,1,2,1,1
892,2,2,2,1,2,0,2,1,1,1,1,2,1,1,0,1,2,1,1,2,0,1,2,2,1,1,1,2,0,1,0,0,1,1,1,1,2,1,1,2,2,1,2,1,2,2,2,1,0,2
893,1,1,1,0,1,2,1,0,0,2,2,1,2,2,2,0,1,2,2,1,2,2,1,1,2,2,2,1,2,2,2,2,2,2,2,0,1,2,2,1,1,2,1,0,1,1,1,2,2,1
894,2,2,2,2,2,1,2,2,2,1,1,2,1,1,1,2,2,1,1,2,1,1,2,2,1,1,1,0,1,1,1,1,1,1,1,2,0,1,1,2,2,1,2,2,0,0,2,1,1,2
895,1,1,1,1,1,2,1,1,1,2,2,1,2,2,2,1,1,2,2,1,0,0,1,1,2,2,2,2,2,2,0,0,0,0,2,1,2,2,2,1,1,0,1,1,2,0,1,0,2,1
896,2,2,2,2,2,1,2,2,0,1,1,2,1,1,1,2,2,1,1,2,0,2,2,2,1,1,1,1,1,1,0,2,2,2,1,2,1,1,1,2,2,2,2,2,1,0,2,2,1,2
897,1,1,1,1,1,2,1,1,2,0,2,1,2,2,2,1,1,2,2,1,2,1,1,1,2,2,2,0,2,0,0,1,1,1,2,1,0,2,2,1,1,1,1,1,2,2,1,1,2,1
898,2,2,2,2,2,1,2,2,1,2,1,2,1,1,1,2,2,1,1,2,1,0,2,2,1,1,1,2,1,0,2,0,2,0,1,2,2,1,1,2,2,2,2,2,1,1,2,2,1,2
899,1,1,1,1,1,2,1,1,0,1,0,1,2,0,2,1,1,0,2,1,2,2,1,1,0,0,0,1,2,2,1,0,1,2,0,1,1,2,0,1,1,1,1,1,2,2,1,1,0,1
900,2,2,2,2,0,1,0,2,2,2,2,0,1,2,1,2,2,2,1,2,1,1,2,0,2,0,0,2,1,1,0,0,2,1,0,0,0,1,2,2,2,2,0,2,1,1,0,0,2,2
901,1,1,1,1,2,2,0,1,1,1,1,2,2,1,0,1,1,1,2,1,2,2,1,2,1,2,2,1,0,2,2,0,1,0,2,2,2,0,1,1,1,1,2,1,0,2,2,2,1,1
902,2,2,2,0,1,1,2,2,0,2,2,1,1,2,2,2,2,2,1,2,1,1,2,1,2,1,1,2,2,1,1,2,2,2,1,1,1,0,2,2,0,2,1,0,2,1,1,1,0,2
903,1,1,1,2,2,0,1,1,2,1,1,2,2,1,1,1,1,1,2,1,2,2,1,0,1,2,2,1,1,2,0,1,1,1,2,2,0,2,1,1,2,1,2,0,1,0,2,2,0,1
904,2,2,2,1,1,2,2,0,1,2,2,1,1,2,2,2,2,2,1,2,1,1,0,2,2,1,1,2,2,1,2,2,2,2,1,1,2,1,2,2,1,2,1,2,2,2,1,1,2,2
905,1,1,1,2,2,1,1,2,0,1,1,2,2,1,1,1,1,1,2,1,2,2,2,1,1,2,2,1,1,2,1,1,1,1,0,2,1,2,1,1,2,1,2,1,1,1,2,0,1,1
906,2,2,0,1,1,0,2,1,2,2,2,1,1,2,2,2,2,2,1,2,1,1,1,2,2,1,1,2,2,1,0,2,2,2,2,1,0,1,2,0,1,2,1,2,2,2,1,0,2,2
907,1,1,2,2,2,2,1,2,1,1,1,2,2,1,1,1,1,1,2,1,2,2,0,1,1,2,2,1,1,2,2,1,1,1,1,2,2,0,1,0,2,1,2,1,1,1,0,2,1,1
908,2,2,1,1,1,1,2,1,0,2,2,1,1,2,2,2,2,2,1,0,1,1,2,0,2,1,1,2,2,1,1,2,2,0,2,1,1,2,2,2,1,2,1,2,2,2,2,1,2,2
909,1,1,2,2,2,2,1,2,2,1,1,2,2,1,1,1,1,1,0,2,0,2,1,2,1,0,2,1,1,2,0,1,1,2,1,2,0,1,1,1,2,1,2,1,1,1,1,2,1,1
910,0,2,1,1,1,1,2,1,1,2,2,1,1,2,0,2,2,2,2,1,2,1,2,1,2,2,1,2,2,1,0,2,2,1,2,1,2,0,0,0,1,2,1,2,0,2,2,1,2,2
911,2,1,2,2,2,2,1,2,0,1,1,2,2,1,2,1,1,1,1,2,1,2,1,0,1,1,2,1,1,2,2,1,1,2,1,2,1,2,2,2,2,1,2,1,2,1,1,2,1,1
912,1,2,1,1,1,1,0,1,2,0,2,1,1,0,1,2,2,2,2,1,2,1,0,2,2,2,1,2,0,1,1,2,2,1,2,1,0,1,1,1,1,2,1,2,1,2,2,1,2,2
913,2,1,2,0,2,2,2,2,1,2,1,2,2,2,2,1,1,1,1,2,1,2,2,1,1,1,0,1,0,2,0,1,1,2,1,0,2,2,2,2,2,1,2,1,2,1,1,2,1,1
914,1,0,1,2,1,1,1,1,0,1,2,1,1,1,1,2,2,2,2,1,2,1,1,2,0,2,0,2,2,1,0,0,0,1,2,2,1,1,1,1,1,2,1,2,1,2,0,1,0,2
915,2,2,2,1,2,2,2,2,2,2,1,2,0,2,2,1,1,1,1,0,1,0,0,1,2,1,2,1,1,2,2,2,2,2,1,1,0,2,2,2,2,1,2,1,2,1,2,2,2,1
916,1,1,1,2,1,1,1,1,1,1,2,1,2,1,1,2,2,2,2,2,2,2,2,2,1,2,1,2,2,1,1,1,1,1,0,0,2,1,1,1,1,2,1,0,1,0,1,1,1,2
917,2,2,2,1,2,2,2,2,0,0,1,2,1,2,2,1,1,1,1,1,1,1,1,1,2,1,2,1,1,0,0,2,2,2,0,2,1,2,2,2,2,1,2,2,2,2,2,2,0,1
918,1,1,1,2,1,1,1,1,2,2,2,1,2,1,1,0,0,2,2,2,2,2,2,2,1,2,1,0,2,2,0,1,1,1,2,1,0,1,1,1,1,0,1,1,1,1,1,1,2,2
919,0,0,2,1,2,2,2,2,1,1,1,0,1,2,2,0,2,1,1,1,1,1,1,1,2,1,2,2,1,1,2,2,2,0,1,2,2,0,2,2,2,0,2,2,2,2,2,2,1,1
920,0,2,1,2,1,1,1,1,0,2,2,2,2,1,1,0,1,2,2,2,0,2,2,2,1,2,1,1,0,2,1,1,1,2,2,1,1,2,1,1,1,2,1,1,1,1,1,1,0,0
921,2,1,2,1,2,0,2,0,2,1,1,1,1,2,0,0,2,1,1,1,0,1,1,1,2,1,2,2,2,1,0,2,2,1,1,2,0,1,2,0,2,1,0,0,0,2,2,0,2,2
922,1,0,1,2,1,2,1,2,1,2,0,2,2,1,2,2,1,2,0,2,2,2,2,2,1,2,1,1,1,2,2,1,1,2,2,1,2,2,1,2,1,2,2,2,0,1,1,0,1,1
923,2,2,2,1,2,1,2,1,0,1,0,1,1,2,1,1,0,1,2,1,1,1,1,1,0,1,2,0,2,1,1,2,2,1,1,2,1,1,2,1,2,1,1,1,2,2,2,2,0,2
924,1,1,1,2,1,2,1,2,2,2,2,2,2,1,2,2,2,2,1,0,0,0,2,2,0,2,1,2,1,2,0,1,1,2,2,1,0,2,1,2,1,2,2,0,1,1,1,1,0,1
925,2,0,2,1,2,1,0,1,1,1,1,1,1,2,1,1,1,1,2,0,0,2,1,1,2,1,2,1,2,1,2,2,2,1,1,2,2,1,2,1,0,1,1,2,0,2,2,0,2,2
926,1,2,1,2,1,0,2,2,0,0,2,2,0,1,2,2,2,2,1,2,2,1,0,0,1,0,1,2,1,0,1,1,1,0,2,1,1,2,1,0,2,2,2,1,0,1,1,2,1,1
927,2,1,2,1,0,2,1,1,2,2,1,1,0,2,1,1,1,1,2,1,1,0,2,2,2,2,2,1,2,2,0,0,2,2,1,2,0,1,2,0,1,1,1,2,2,2,2,1,2,2
928,1,2,1,2,2,1,0,2,1,1,2,2,2,1,0,2,2,2,1,2,2,2,1,1,1,1,1,2,1,1,2,0,1,1,2,1,2,2,1,2,2,2,2,1,1,1,1,2,1,1
929,2,1,2,1,1,0,2,1,0,2,1,1,1,2,0,1,1,1,2,1,1,1,2,2,0,2,2,1,2,2,1,0,0,2,1,0,1,1,2,1,1,1,1,0,2,2,2,1,2,2
930,1,0,1,2,2,2,1,0,2,1,2,2,0,1,2,2,2,2,1,2,2,2,1,1,2,1,1,0,1,1,0,2,2,1,2,2,0,2,1,2,0,2,2,0,1,1,1,2,1,1
931,2,2,2,1,1,1,2,2,1,2,1,1,2,2,1,1,1,1,2,1,1,1,2,2,1,2,2,2,2,2,2,1,1,2,1,1,2,1,2,1,2,1,1,2,2,2,2,1,2,2
932,1,1,1,0,0,2,1,1,0,1,2,2,1,1,2,2,2,2,1,2,2,0,1,1,2,1,1,1,1,1,1,2,0,1,2,2,1,2,1,2,1,2,2,1,1,1,1,0,1,1
933,2,2,2,0,2,1,0,2,2,2,1,1,2,2,1,1,1,1,2,1,1,2,0,2,1,2,2,2,2,2,0,1,2,2,1,1,0,1,2,1,2,1,1,2,2,0,0,0,2,2
934,1,1,1,2,1,2,0,1,1,1,2,2,1,1,0,2,2,2,1,2,2,1,2,1,2,1,1,1,1,1,2,2,1,1,2,2,2,2,1,2,1,2,0,1,1,0,2,0,1,1
935,2,2,2,1,2,1,2,2,0,0,1,1,2,2,2,1,1,1,0,1,1,0,1,2,1,0,2,2,0,2,1,1,2,2,1,1,1,1,2,1,2,1,0,2,2,2,1,0,2,0
936,1,1,1,2,1,2,1,1,2,2,2,0,1,1,1,2,2,0,2,2,2,0,0,1,2,2,1,1,2,1,0,0,1,1,2,2,0,2,1,2,1,2,0,1,1,1,2,2,1,2
937,2,2,0,1,0,1,2,2,1,1,1,2,2,2,2,1,1,2,1,1,1,2,2,2,1,1,0,0,1,2,2,2,0,2,1,1,2,1,2,1,2,1,2,0,2,2,1,1,0,1
938,1,1,0,2,2,2,1,1,0,2,2,1,1,1,1,2,0,1,2,2,0,1,1,1,2,2,2,2,2,1,1,1,0,1,2,2,1,2,1,2,1,2,1,2,1,1,2,2,2,2
939,2,0,2,1,1,1,2,2,2,1,1,2,2,2,2,1,0,0,1,1,2,2,2,2,1,1,1,1,1,2,0,2,2,2,1,1,0,1,2,1,0,1,2,1,2,2,1,1,1,1
940,1,2,1,2,2,2,1,1,1,2,2,1,1,1,1,2,2,2,2,2,1,1,1,1,2,2,2,2,0,1,0,1,1,1,2,2,2,2,1,2,2,2,1,2,1,1,2,2,2,2
941,2,1,2,1,1,1,2,0,0,1,1,0,0,0,0,1,1,1,1,1,0,2,2,2,1,1,1,1,2,2,0,2,2,2,1,1,1,1,2,1,1,1,2,1,2,2,1,1,1,1
942,1,2,1,2,2,2,1,2,2,2,2,2,2,2,2,2,2,2,2,2,2,1,1,1,2,0,2,2,1,1,2,1,1,1,2,2,0,2,1,2,2,2,1,2,1,1,2,2,2,2
943,0,1,2,1,1,1,2,1,1,1,1,1,1,1,1,1,1,1,1,1,1,2,0,2,1,2,1,1,2,2,1,2,0,2,1,1,0,1,2,1,1,1,2,1,2,2,1,1,1,1
944,0,2,1,2,2,2,1,2,0,2,2,2,0,2,2,2,2,2,2,0,2,1,2,1,2,1,2,2,1,1,0,1,2,1,2,2,0,0,1,2,2,0,1,2,1,1,0,0,2,2
945,0,1,2,1,1,1,0,1,0,1,1,1,2,1,1,1,1,1,1,2,1,2,1,2,1,2,1,1,2,0,2,2,1,2,1,1,2,2,2,1,1,2,2,1,2,2,2,2,1,1
946,2,0,1,2,0,2,2,0,2,2,2,2,1,2,2,2,0,0,2,1,2,1,2,1,2,1,2,2,1,0,1,1,2,1,0,2,1,1,1,2,0,1,1,2,1,1,1,1,2,2
947,1,2,2,1,2,1,1,2,1,1,1,1,0,1,1,1,0,2,1,2,1,2,1,2,1,2,1,1,2,0,0,2,1,0,0,1,0,0,2,1,0,2,2,1,0,2,2,2,1,1
948,2,1,1,2,1,0,2,1,0,2,2,2,2,2,2,2,2,1,2,1,0,1,2,1,2,1,2,2,1,2,2,1,2,2,0,2,2,2,1,2,0,1,1,2,2,1,1,1,2,2
949,1,2,2,1,2,2,1,2,2,1,1,1,1,1,1,1,1,0,1,2,2,2,1,2,1,2,1,1,2,1,1,2,1,1,2,1,1,1,2,1,2,2,2,1,1,2,2,2,1,1
950,2,1,1,2,1,1,2,1,1,2,2,2,2,0,2,0,2,2,2,1,1,1,2,1,2,1,2,0,1,2,0,1,2,2,1,0,0,2,1,2,1,1,1,2,2,1,1,1,2,2
951,1,0,2,1,0,2,1,2,0,1,1,1,1,2,1,2,1,1,1,2,2,2,1,2,1,0,1,2,2,1,2,2,1,1,0,2,2,1,2,1,2,0,2,1,1,2,2,2,1,1
952,2,2,1,2,2,1,2,1,0,2,2,0,0,1,2,1,2,2,2,1,1,1,2,1,2,0,2,1,1,2,1,1,2,2,2,1,1,0,1,2,1,2,1,2,2,1,1,1,2,2
953,1,1,2,1,1,2,1,2,0,1,1,0,2,0,1,2,1,1,1,2,0,2,1,2,1,0,1,2,2,1,0,2,1,1,1,2,0,0,0,1,2,1,2,1,1,0,2,0,1,1
954,2,2,1,2,2,1,2,1,2,2,2,0,1,2,2,1,2,2,2,1,2,1,0,1,2,0,0,1,1,2,2,1,2,2,2,1,2,2,2,2,1,2,1,2,2,2,1,0,2,2
955,1,1,2,1,1,2,1,2,1,1,1,2,2,1,1,2,1,1,1,2,1,2,2,2,1,2,0,2,2,1,1,2,1,1,1,2,1,1,1,1,2,1,2,1,1,1,2,0,1,1
956,0,2,1,2,2,1,2,1,0,2,0,1,1,2,2,1,2,0,2,1,2,1,1,1,2,1,2,1,1,0,0,1,2,2,2,1,0,0,0,2,1,0,1,0,2,2,1,0,2,2
957,0,1,2,1,1,2,1,0,2,1,2,2,2,1,1,2,1,2,1,2,1,2,2,2,1,2,1,2,2,2,2,0,1,1,1,0,0,0,2,1,2,2,0,0,1,1,0,2,1,1
958,0,0,1,2,2,1,0,2,1,2,1,1,1,2,2,1,2,1,2,1,2,1,1,1,2,1,2,1,1,1,1,2,0,2,0,2,2,2,1,2,1,1,2,2,2,2,0,1,2,2
959,2,2,2,1,1,2,2,1,0,1,2,0,2,1,1,2,1,2,1,2,1,2,0,0,1,2,1,2,2,2,0,1,2,1,2,1,1,1,2,1,2,2,1,1,1,1,2,0,1,1
960,1,1,1,2,2,1,1,0,2,2,1,2,1,2,2,1,2,1,2,1,2,1,2,2,2,1,2,1,1,1,0,0,1,0,1,0,0,2,1,2,1,1,2,2,2,0,1,2,0,2
961,2,2,2,1,1,2,2,2,1,1,2,1,2,1,1,2,1,2,1,2,1,2,1,1,1,0,1,2,2,0,2,2,2,2,0,2,0,1,2,1,2,2,1,1,1,0,0,1,0,1
962,1,1,1,2,2,1,1,1,0,2,1,2,1,2,2,1,2,1,2,1,0,1,2,2,0,2,2,1,1,2,1,1,1,1,2,1,2,2,1,2,1,1,2,2,2,2,2,0,0,2
963,2,2,2,1,1,2,2,2,2,1,2,1,2,1,1,2,1,2,1,2,0,2,1,1,2,1,1,2,2,1,0,2,2,2,1,2,1,1,2,1,0,2,1,1,1,1,1,0,2,1
964,1,1,1,2,2,1,1,1,1,2,1,2,1,2,2,1,2,1,2,1,2,1,2,2,1,2,2,1,1,2,2,1,1,1,2,1,0,2,1,0,0,1,0,2,2,2,0,0,1,0
965,2,2,2,1,1,2,0,2,0,1,2,1,2,1,1,0,1,2,1,2,1,2,1,1,0,1,1,2,2,1,1,2,2,2,1,2,2,1,2,2,0,2,0,1,1,1,2,2,0,2
966,1,1,1,0,0,1,2,1,2,2,1,2,1,2,0,0,2,1,2,1,2,1,0,2,0,2,2,1,1,0,0,1,1,1,2,1,1,2,1,1,2,1,2,2,2,0,1,1,2,1
967,2,2,2,2,0,0,1,2,1,1,0,1,2,1,2,2,1,2,1,2,1,2,2,1,0,1,1,2,2,2,0,2,2,0,1,0,0,1,2,2,1,2,1,1,1,2,2,2,1,2
968,1,1,1,1,2,2,2,1,0,0,2,2,1,2,1,1,2,1,2,1,2,1,1,2,2,2,2,1,1,1,0,1,1,0,2,2,2,2,1,1,2,1,2,2,2,1,1,1,0,1
969,0,2,0,2,1,1,1,2,2,2,1,1,2,1,2,2,1,2,1,2,1,2,2,1,1,1,1,2,2,2,2,2,0,2,1,1,1,1,2,0,1,2,1,1,1,2,2,2,2,2
970,2,1,0,1,2,2,2,1,1,1,2,2,1,2,1,1,2,1,2,1,0,1,1,2,2,2,0,1,1,1,1,1,2,1,2,2,0,0,1,0,2,1,2,2,0,1,1,1,1,1
971,1,2,2,2,1,1,1,2,0,2,1,1,0,1,2,2,1,2,1,2,2,2,2,1,1,1,2,2,0,2,0,2,1,2,1,1,2,2,2,2,1,2,1,1,2,2,2,0,2,2
972,2,1,1,1,2,2,2,1,2,1,2,2,2,2,1,1,2,1,2,1,1,1,1,0,2,0,1,1,2,1,0,1,2,1,2,0,1,1,1,1,0,1,2,2,1,1,1,0,1,1
973,1,2,0,2,1,1,1,2,1,2,1,1,1,1,2,2,1,2,1,0,2,2,2,2,1,2,0,0,1,2,2,2,1,2,1,2,0,2,2,2,2,2,1,1,0,2,2,2,2,0
974,2,1,2,1,2,2,2,1,0,1,2,2,2,2,1,1,2,1,2,2,1,1,1,1,2,1,2,2,0,1,1,1,2,1,2,1,2,1,1,1,1,1,0,2,2,1,1,1,1,0
975,1,2,1,2,1,1,1,2,0,2,1,1,1,1,2,2,1,2,1,1,2,2,2,2,1,0,1,1,0,2,0,0,1,2,1,2,1,2,2,0,2,2,2,1,1,2,2,2,2,2
976,2,1,2,1,2,2,0,1,2,1,2,2,0,0,1,1,2,1,2,2,1,1,1,1,2,2,0,2,2,1,0,2,0,1,2,1,0,1,1,2,1,1,1,2,2,1,1,1,1,1
977,1,2,1,0,1,1,2,0,1,2,1,1,2,2,2,2,1,2,1,1,2,2,2,2,1,1,2,1,1,2,2,1,2,2,1,2,2,2,2,1,0,2,2,1,1,2,2,0,2,2
978,2,1,2,2,2,2,1,2,0,1,2,0,1,1,1,1,2,1,2,2,1,1,1,1,2,2,1,0,2,1,1,2,1,1,0,1,1,1,1,2,2,1,1,0,2,1,1,0,1,1
979,1,2,1,1,1,1,0,1,2,0,1,0,0,2,0,2,1,2,1,1,2,0,2,2,1,1,2,2,1,2,0,1,2,2,0,2,0,2,2,1,1,2,2,2,1,2,2,2,2,2
980,2,1,2,2,2,2,2,2,1,2,2,2,2,1,2,1,2,1,2,2,1,2,1,1,2,0,1,1,0,1,2,0,1,1,2,1,2,1,1,2,2,1,1,1,2,1,1,1,1,1
981,1,2,1,1,1,1,1,1,0,1,1,1,1,2,1,2,1,2,1,1,2,1,2,2,1,2,0,2,2,2,1,2,2,2,1,2,1,2,2,1,1,0,2,2,1,2,2,2,2,2
982,2,1,2,0,2,2,2,2,2,2,2,2,2,1,0,1,2,1,2,2,1,2,1,1,2,1,2,1,1,1,0,1,1,1,2,1,0,1,1,2,2,2,1,1,0,1,1,1,1,1
983,1,2,1,2,1,1,1,1,1,1,1,1,1,2,2,2,1,2,1,1,2,1,2,2,1,2,1,2,2,0,2,2,0,2,1,2,0,2,2,1,1,1,0,2,2,2,2,2,2,2
984,2,1,2,1,2,2,2,2,0,2,0,2,0,1,1,1,2,1,2,2,1,0,1,1,2,1,0,1,1,2,1,1,2,1,2,1,2,1,1,0,2,2,0,1,1,1,1,1,1,1
985,1,0,1,0,1,1,1,1,2,1,2,1,2,2,2,2,1,2,1,1,2,2,2,2,1,2,2,2,2,1,0,0,1,2,1,2,1,2,2,2,1,1,2,2,2,2,0,2,2,2
986,2,0,2,0,2,0,0,2,1,2,1,2,1,1,1,1,0,1,2,2,1,1,1,1,2,1,1,1,1,2,0,2,2,1,2,1,0,1,1,1,2,2,1,1,1,1,2,1,1,1
987,1,2,1,2,1,2,0,1,0,1,0,1,0,2,2,2,2,2,1,1,2,2,2,2,1,2,2,2,0,1,2,1,1,2,1,2,0,2,0,2,1,1,0,2,2,2,1,2,2,2
988,2,1,2,1,2,1,2,2,2,2,0,2,2,1,1,1,1,1,2,2,1,1,1,1,2,1,1,1,0,2,1,2,2,1,2,1,2,1,2,1,2,0,2,1,1,1,0,1,1,1
989,1,2,1,2,1,2,1,1,1,1,2,1,1,2,2,2,2,2,1,1,2,0,2,2,1,2,0,0,2,1,0,1,1,2,1,0,1,2,1,2,1,2,1,2,2,2,2,2,2,2
990,2,1,2,1,2,1,2,2,0,2,1,2,2,1,1,1,1,1,2,2,1,2,1,1,2,1,2,2,1,2,2,2,2,1,2,0,0,1,2,1,2,1,2,1,1,1,1,1,1,1
991,1,0,1,2,1,2,1,1,2,1,0,1,1,2,2,2,2,2,1,1,2,1,2,0,1,0,1,1,2,1,1,1,1,2,1,2,2,2,1,0,1,2,1,2,2,2,2,2,2,2
992,2,2,2,1,2,1,2,2,1,2,2,0,0,1,1,1,1,1,2,2,1,2,1,0,2,2,2,2,1,2,0,0,2,1,2,1,1,1,2,2,2,1,2,1,1,1,1,1,1,1
993,1,1,1,0,1,2,1,1,0,1,1,2,2,2,2,0,2,2,1,1,0,1,0,0,1,1,1,1,2,1,2,2,1,2,1,2,0,0,1,1,1,0,1,2,2,2,2,0,2,2
994,2,2,0,0,2,1,2,2,2,0,2,1,1,1,1,2,1,1,2,0,2,2,2,2,2,2,2,2,1,2,1,1,2,1,2,1,2,2,0,2,2,2,2,1,1,1,1,2,1,1
995,1,1,2,2,1,2,1,1,1,2,1,2,2,2,2,1,2,2,1,0,1,1,1,1,1,1,1,1,2,1,0,2,1,2,1,2,1,1,2,1,1,1,1,2,0,2,0,1,2,2
996,2,2,1,1,2,1,2,2,0,1,2,1,1,1,1,2,1,1,2,2,2,0,2,2,2,2,2,2,1,0,2,1,2,1,2,1,0,2,1,2,2,2,2,1,2,1,2,2,1,1
997,1,1,2,2,1,2,1,1,2,2,1,2,2,2,2,1,2,2,1,1,1,2,1,1,1,1,1,1,0,2,1,0,1,2,1,2,2,1,2,1,1,1,1,2,1,2,1,1,2,2
998,2,2,1,1,2,1,2,2,1,1,2,1,1,1,1,2,1,1,2,2,2,1,0,0,2,2,2,2,2,1,0,2,2,1,2,1,1,2,1,2,2,0,2,1,2,1,2,2,1,1
999,1,1,0,2,1,2,1,1,0,2,1,2,2,2,2,1,2,2,1,1,1,2,0,2,1,1,1,1,1,2,2,1,1,0,1,2,0,1,2,1,1,2,1,0,1,0,1,1,2,2
